-40.82061341,-4.627284891
-40.82176161,-4.633260179
-40.8239124,-4.637548781
-40.82965824,-4.64376233
-40.8345966,-4.648749314
-40.83517676,-4.649328429
-40.84107238,-4.653607149
-40.84696526,-4.656812274
-40.84644432,-4.66218126
-40.8427136,-4.667558687
-40.84218844,-4.671317407
-40.84700876,-4.673451767
-40.85290608,-4.678267032
-40.85238805,-4.68470952
-40.85988618,-4.687910152
-40.86312022,-4.69702639
-40.86312735,-4.699710152
-40.86581369,-4.703997006
-40.86821183,-4.7091737
-40.86904222,-4.710966151
-40.87012367,-4.715257273
-40.86746881,-4.722778982
-40.86578588,-4.730005169
-40.86535754,-4.733519768
-40.86858055,-4.738341857
-40.87181505,-4.7438704
-40.87234296,-4.744772708
-40.88093079,-4.754947609
-40.8814906,-4.764070826
-40.88043807,-4.770514706
-40.88098626,-4.775343952
-40.88100383,-4.7817849
-40.88316306,-4.788756702
-40.88798434,-4.790890399
-40.88782484,-4.792705958
-40.88746551,-4.796796054
-40.8858869,-4.806461878
-40.88375405,-4.809151519
-40.88376733,-4.813982218
-40.88484781,-4.817736461
-40.88594015,-4.825784645
-40.88381171,-4.830084541
-40.88275786,-4.8359917
-40.88384881,-4.843503138
-40.88385773,-4.8467236
-40.88546895,-4.848866096
-40.8870951,-4.85637601
-40.88443453,-4.861750924
-40.8828337,-4.863365643
-40.8817799,-4.869272819
-40.88446441,-4.872485788
-40.88661833,-4.877310466
-40.88823117,-4.879989663
-40.89037763,-4.882130603
-40.89092779,-4.887496504
-40.89469929,-4.896610499
-40.89470684,-4.899294196
-40.89417474,-4.900369192
-40.88882646,-4.901457816
-40.88186974,-4.901477441
-40.87492348,-4.905254213
-40.87215034,-4.908194503
-40.86798907,-4.913324923
-40.86265251,-4.918707386
-40.86159265,-4.922467624
-40.86856015,-4.926205358
-40.87339461,-4.932632754
-40.87876282,-4.938521819
-40.88038345,-4.943884703
-40.88574423,-4.947089944
-40.89056378,-4.948149691
-40.89753625,-4.953497166
-40.89862038,-4.95832473
-40.90184525,-4.963146122
-40.90615133,-4.97172153
-40.89867262,-4.976573794
-40.89815282,-4.981942708
-40.89442493,-4.988394369
-40.89444495,-4.995371964
-40.89606291,-4.999661225
-40.90087978,-4.99964727
-40.90784832,-5.003384187
-40.91108762,-5.01303601
-40.9095007,-5.019481499
-40.90950695,-5.02162843
-40.90631278,-5.027541893
-40.91333668,-5.050064222
-40.92136373,-5.049503768
-40.92134636,-5.043599752
-40.92884756,-5.04626118
-40.95187055,-5.048876
-40.96362459,-5.041863181
-40.97379214,-5.041295663
-40.99197306,-5.035873085
-41.0000192,-5.041752195
-41.0037673,-5.042277357
-41.01231739,-5.037957299
-41.01981019,-5.037934072
-41.02943043,-5.033610532
-41.03636122,-5.025001738
-41.04279344,-5.028201786
-41.04710511,-5.037848731
-41.05087502,-5.045350538
-41.06211068,-5.044241582
-41.07119868,-5.040992557
-41.08481163,-5.046948009
-41.09613982,-5.059798716
-41.09619514,-5.053287062
-41.09663233,-5.052762739
-41.10094996,-5.052677979
-41.10628076,-5.053296504
-41.11146488,-5.050577532
-41.11555885,-5.049234792
-41.1236187,-5.047801867
-41.12624874,-5.047579271
-41.13164565,-5.048185627
-41.12924708,-5.039595729
-41.12778319,-5.037434171
-41.12716786,-5.035505243
-41.12464831,-5.032008053
-41.12338266,-5.028860599
-41.1214731,-5.026384497
-41.12085301,-5.023560924
-41.11975866,-5.021544302
-41.1198132,-5.020709964
-41.12120729,-5.019094969
-41.12163927,-5.01783378
-41.12172057,-5.015291073
-41.12098308,-5.012335615
-41.12222654,-5.007682896
-41.12300629,-5.006612781
-41.12395972,-5.005698591
-41.13018178,-5.003165955
-41.13163451,-5.002085693
-41.13509368,-4.99743274
-41.13639119,-4.995079917
-41.13633298,-4.994196593
-41.13649642,-4.993140056
-41.13618006,-4.991902466
-41.13609525,-4.990626876
-41.13685492,-4.985144046
-41.13714923,-4.984582318
-41.13790461,-4.984101807
-41.13934416,-4.983862888
-41.14049001,-4.984432586
-41.14415795,-4.99004235
-41.14609711,-4.991813067
-41.14848329,-4.992412767
-41.15054869,-4.991725178
-41.15389247,-4.987548642
-41.15748494,-4.981000579
-41.1641372,-4.972715889
-41.1668076,-4.965788023
-41.16882892,-4.963482012
-41.17152481,-4.961446253
-41.17485979,-4.958181998
-41.17702123,-4.953454487
-41.17959204,-4.949602976
-41.17984273,-4.947159963
-41.18330413,-4.945532823
-41.18499273,-4.942976595
-41.18863637,-4.940233929
-41.1906988,-4.939401762
-41.19310642,-4.939275922
-41.19581812,-4.936870258
-41.19666646,-4.936651484
-41.19817875,-4.93707
-41.19888725,-4.939216278
-41.19826609,-4.940869766
-41.19985922,-4.942921444
-41.19990146,-4.945286347
-41.20161225,-4.948652577
-41.20341731,-4.949364345
-41.20556561,-4.948528586
-41.20923773,-4.945575287
-41.20934669,-4.944890691
-41.20855858,-4.940953259
-41.2089585,-4.939265435
-41.21021414,-4.938230971
-41.2112405,-4.937715528
-41.21752048,-4.938927877
-41.22006855,-4.938581259
-41.22099275,-4.937844943
-41.2220289,-4.935810757
-41.22189447,-4.930243917
-41.22257605,-4.926123798
-41.22649448,-4.91899914
-41.23369687,-4.908002059
-41.23455402,-4.905360562
-41.23431141,-4.901298892
-41.23244631,-4.898089575
-41.22854851,-4.892968766
-41.22779051,-4.891731475
-41.22772928,-4.890603326
-41.23334469,-4.88637343
-41.24032147,-4.879985159
-41.24919975,-4.869305869
-41.24931154,-4.868178243
-41.24896191,-4.866943139
-41.24419897,-4.863370626
-41.24152281,-4.859826099
-41.23954112,-4.855996118
-41.23907137,-4.854154376
-41.24029301,-4.838035299
-41.24280762,-4.827941402
-41.2414445,-4.821758636
-41.24051906,-4.820397498
-41.2341699,-4.816824178
-41.2324603,-4.815354223
-41.23221322,-4.812262599
-41.23300915,-4.809179396
-41.23300261,-4.807335564
-41.23209182,-4.80415228
-41.22951971,-4.80046837
-41.22505637,-4.797435694
-41.22452908,-4.796284014
-41.22357748,-4.790291138
-41.22269777,-4.78908193
-41.22034385,-4.787352558
-41.21343377,-4.785315113
-41.2096022,-4.782963182
-41.20770812,-4.779893799
-41.20764174,-4.776384781
-41.20846775,-4.774654307
-41.21239218,-4.771641388
-41.21653926,-4.770547462
-41.22097048,-4.769831008
-41.22646013,-4.770354353
-41.23354639,-4.768388581
-41.23786053,-4.76540514
-41.24154503,-4.764644093
-41.24741629,-4.761399988
-41.25006827,-4.758582129
-41.24996498,-4.756244068
-41.24915915,-4.7556593
-41.2455212,-4.753019089
-41.24335083,-4.750382388
-41.23842189,-4.74841797
-41.23485997,-4.746145523
-41.23385567,-4.74382834
-41.23611679,-4.740637193
-41.23627628,-4.738368315
-41.23371022,-4.733357695
-41.23061756,-4.73057409
-41.22732209,-4.72832175
-41.22558103,-4.726158227
-41.22345817,-4.720529297
-41.21994614,-4.718867978
-41.21757608,-4.717171619
-41.21424341,-4.712360437
-41.20211885,-4.701511876
-41.19659482,-4.694455829
-41.19320074,-4.688617028
-41.19062889,-4.685840838
-41.18757597,-4.683632406
-41.18556995,-4.678924248
-41.18134296,-4.673420408
-41.18076101,-4.672810017
-41.17499273,-4.67042
-41.17353264,-4.668161673
-41.17347932,-4.666559189
-41.17463666,-4.664952772
-41.17642527,-4.664207379
-41.17909059,-4.664999527
-41.18522649,-4.661584605
-41.18676759,-4.658514842
-41.19000283,-4.655723121
-41.19482291,-4.648445827
-41.19887401,-4.643715541
-41.20244257,-4.63781255
-41.20710957,-4.633792519
-41.21696487,-4.628533037
-41.22301449,-4.623316361
-41.2252846,-4.62071586
-41.22895698,-4.619712548
-41.23023351,-4.617274543
-41.23306276,-4.609831521
-41.23303769,-4.60838278
-41.2306928,-4.603190405
-41.2265032,-4.597029368
-41.22266709,-4.589409837
-41.22111219,-4.583581113
-41.22060581,-4.580427114
-41.22084146,-4.578555022
-41.22166044,-4.577420315
-41.22613861,-4.576147217
-41.23438471,-4.575542411
-41.23733652,-4.574589426
-41.23948423,-4.573144107
-41.24094036,-4.572164152
-41.24216571,-4.571131674
-41.24188653,-4.569564681
-41.24153482,-4.568977018
-41.24036588,-4.568071448
-41.23751278,-4.569353715
-41.23504625,-4.569834202
-41.23131611,-4.568712953
-41.22603927,-4.568599101
-41.22115671,-4.567109286
-41.2152574,-4.558308134
-41.21439485,-4.554893855
-41.21422936,-4.553271686
-41.21373848,-4.552295072
-41.21165149,-4.549716504
-41.20807015,-4.548440204
-41.20755788,-4.547356429
-41.20722728,-4.546290899
-41.20708133,-4.543267814
-41.20633042,-4.54167075
-41.20585805,-4.536694473
-41.2034171,-4.528039742
-41.20185731,-4.526413846
-41.1980789,-4.524417898
-41.19565736,-4.521279742
-41.19333168,-4.519993694
-41.19040268,-4.515147369
-41.18869218,-4.507305317
-41.18796326,-4.499799657
-41.18792626,-4.498783382
-41.18904759,-4.490497684
-41.18897393,-4.488299249
-41.18754558,-4.485756558
-41.18369711,-4.481096113
-41.18065421,-4.476187602
-41.17773821,-4.469392253
-41.17719851,-4.467296341
-41.17726473,-4.463697499
-41.17810903,-4.459003741
-41.17754092,-4.456826188
-41.17617325,-4.455174072
-41.17554527,-4.451377309
-41.17478225,-4.449162083
-41.17616439,-4.446610001
-41.17701224,-4.442928296
-41.17676153,-4.440885852
-41.17518195,-4.439286775
-41.17080573,-4.431294596
-41.16475964,-4.422214891
-41.16347325,-4.418637508
-41.16083363,-4.41457941
-41.15931747,-4.410174213
-41.15896544,-4.407727834
-41.15927075,-4.405879368
-41.15814438,-4.402573055
-41.15859824,-4.391720863
-41.15950249,-4.389774746
-41.16032926,-4.388916952
-41.16131569,-4.387893348
-41.16145443,-4.386906644
-41.15963838,-4.381116673
-41.15878556,-4.379735782
-41.15764725,-4.378298849
-41.15197112,-4.374213312
-41.14953831,-4.367709305
-41.14883059,-4.366949409
-41.14627497,-4.364206179
-41.14486335,-4.361684135
-41.14171067,-4.358661875
-41.14117021,-4.353380797
-41.13671573,-4.349401006
-41.13583719,-4.34793867
-41.13541319,-4.346406332
-41.13547729,-4.343677903
-41.1349831,-4.342552858
-41.13315787,-4.341126823
-41.13304975,-4.339764722
-41.1271606,-4.335484383
-41.12551762,-4.335456195
-41.12436015,-4.33481061
-41.1197987,-4.330186511
-41.11975295,-4.326658996
-41.11771112,-4.318430071
-41.11773062,-4.316401573
-41.11904885,-4.312610868
-41.11959887,-4.308690047
-41.11946727,-4.307479332
-41.11875131,-4.306145219
-41.13553208,-4.233131812
-41.0988997,-4.1817207
-41.09051323,-4.169952865
-41.09353,-4.169517912
-41.09660994,-4.170327607
-41.10538469,-4.169239558
-41.11094033,-4.166494432
-41.11718261,-4.165310836
-41.1179569,-4.164845143
-41.12059681,-4.160122969
-41.12273497,-4.157848636
-41.12331447,-4.155864284
-41.12501923,-4.154087452
-41.12577767,-4.152451766
-41.12639011,-4.150324037
-41.12543959,-4.148150346
-41.12495714,-4.144570932
-41.12774197,-4.138945694
-41.13390195,-4.131273447
-41.14174043,-4.125269901
-41.14280099,-4.123864581
-41.1404536,-4.123206441
-41.13902426,-4.120608703
-41.1367595,-4.116492043
-41.13402795,-4.104530039
-41.12856325,-4.096891156
-41.12769441,-4.093819939
-41.1272221,-4.088293045
-41.12186259,-4.076807584
-41.1212467,-4.073789909
-41.12160612,-4.071837265
-41.12716273,-4.06568562
-41.12756822,-4.063551957
-41.12678595,-4.061011533
-41.1254467,-4.059890596
-41.11602252,-4.05377109
-41.11374259,-4.051441223
-41.11279435,-4.04941271
-41.11278911,-4.04666137
-41.11209626,-4.043819156
-41.11249683,-4.041363469
-41.11390993,-4.040186658
-41.11997236,-4.03596111
-41.12185424,-4.036666779
-41.12352267,-4.036750011
-41.12987667,-4.035010915
-41.13334785,-4.034775319
-41.14272495,-4.036435104
-41.15288248,-4.034515552
-41.15957727,-4.031333502
-41.16315911,-4.031447904
-41.16843857,-4.032692138
-41.17144173,-4.032099731
-41.17564734,-4.028391056
-41.18028653,-4.02731547
-41.18161841,-4.026363655
-41.18343342,-4.024023491
-41.18187147,-4.018823819
-41.18248386,-4.017695033
-41.18254227,-4.017587385
-41.18515055,-4.016841254
-41.18824686,-4.01718352
-41.19045437,-4.018030892
-41.19117774,-4.01858727
-41.191705,-4.020038888
-41.19223435,-4.020282632
-41.19543479,-4.019909137
-41.19743088,-4.018011813
-41.19909942,-4.017978288
-41.20293315,-4.022137517
-41.20564774,-4.023947498
-41.20853145,-4.025205015
-41.21033989,-4.025373125
-41.21370582,-4.023824068
-41.22169112,-4.026758014
-41.22257479,-4.027998239
-41.22315194,-4.028173846
-41.22406303,-4.028201092
-41.22639344,-4.026864644
-41.23052283,-4.028508447
-41.23993312,-4.030471683
-41.24980629,-4.037375332
-41.25047127,-4.037473827
-41.25170091,-4.037396554
-41.2543586,-4.03672419
-41.25635315,-4.034470788
-41.25525641,-4.032237835
-41.25512619,-4.029313716
-41.25403592,-4.027299772
-41.2525454,-4.026156117
-41.25029449,-4.026454344
-41.24917209,-4.026013505
-41.24421491,-4.021635354
-41.2434502,-4.019362657
-41.23914356,-4.016501895
-41.2384554,-4.015027294
-41.23838929,-4.014021959
-41.23885324,-4.012699133
-41.24224052,-4.009496104
-41.24393182,-4.006415436
-41.2453554,-4.006204145
-41.24538612,-4.003505015
-41.24603999,-4.000926571
-41.24748916,-3.998975212
-41.24692508,-3.996583808
-41.24701904,-3.99283895
-41.2488664,-3.989492189
-41.24840812,-3.988790686
-41.24734898,-3.988682852
-41.24647345,-3.987539893
-41.2455634,-3.987338988
-41.24480339,-3.986304643
-41.24381729,-3.98601255
-41.24369706,-3.983798276
-41.24430131,-3.982594857
-41.24398863,-3.979382198
-41.24342007,-3.978940251
-41.24122223,-3.979483222
-41.23974393,-3.978821008
-41.2392584,-3.976755704
-41.23819762,-3.975369062
-41.23847024,-3.973486471
-41.23783185,-3.972379815
-41.23339235,-3.970231856
-41.23316383,-3.969638821
-41.23399307,-3.967975565
-41.23387654,-3.967421366
-41.23198232,-3.966927672
-41.23151488,-3.966122841
-41.23125114,-3.966053585
-41.23091579,-3.966134135
-41.22865056,-3.967998981
-41.21986622,-3.941128363
-41.22853999,-3.911353818
-41.22963943,-3.910538007
-41.23227592,-3.910432526
-41.23297426,-3.909878135
-41.23526641,-3.905573132
-41.23866491,-3.903106805
-41.24135867,-3.900144529
-41.24495844,-3.897938734
-41.24532059,-3.895924933
-41.24431054,-3.892967686
-41.24620491,-3.884144982
-41.24723575,-3.881911539
-41.25312805,-3.8755516
-41.25499232,-3.872513106
-41.25848341,-3.86990183
-41.25932279,-3.868351151
-41.25958118,-3.864374642
-41.26088459,-3.86363387
-41.2665687,-3.862295506
-41.26738344,-3.861473414
-41.26747464,-3.860803953
-41.26655992,-3.860140077
-41.26641799,-3.858513201
-41.26972854,-3.854071044
-41.27016151,-3.852708491
-41.27004504,-3.85189215
-41.26769606,-3.847940894
-41.26858305,-3.845548763
-41.26820757,-3.844117048
-41.27092877,-3.841540769
-41.27036637,-3.837452307
-41.27162024,-3.836099958
-41.27335927,-3.835358306
-41.27476208,-3.833564963
-41.27485598,-3.829832014
-41.27648251,-3.825244883
-41.27765677,-3.824156894
-41.2786047,-3.824226324
-41.28099316,-3.826469309
-41.28229927,-3.826435266
-41.28435458,-3.825075896
-41.28630977,-3.822278036
-41.28709005,-3.821881548
-41.28756205,-3.822110797
-41.28897782,-3.825154465
-41.29216368,-3.825444234
-41.29387204,-3.829091576
-41.29478603,-3.829802076
-41.29572555,-3.829658622
-41.29629798,-3.829072941
-41.29858598,-3.825759007
-41.30044021,-3.825922696
-41.29836313,-3.822779334
-41.29400008,-3.81818707
-41.28947548,-3.814458565
-41.28009032,-3.805076386
-41.27523826,-3.801925966
-41.2703801,-3.796470274
-41.26445482,-3.791202367
-41.26223049,-3.788444092
-41.25374933,-3.774665607
-41.25340597,-3.773043837
-41.25364822,-3.771644103
-41.25446117,-3.769887163
-41.26011009,-3.762074575
-41.26080917,-3.757167003
-41.26114553,-3.751566659
-41.26088857,-3.745842289
-41.25964613,-3.738973303
-41.25814542,-3.732400035
-41.25698922,-3.729525075
-41.25270685,-3.723840852
-41.251515,-3.722964418
-41.24684908,-3.72171394
-41.23905598,-3.720374229
-41.2381675,-3.719506573
-41.23769002,-3.717432109
-41.23790705,-3.715393126
-41.23896552,-3.712270004
-41.24140294,-3.710576578
-41.24499975,-3.710501243
-41.24702378,-3.709500785
-41.24980476,-3.706220054
-41.25505871,-3.702884828
-41.25789012,-3.703189465
-41.27136655,-3.702985572
-41.27896046,-3.700372127
-41.2826748,-3.696591067
-41.28570417,-3.69186297
-41.28728271,-3.690527524
-41.29042686,-3.689313774
-41.2995016,-3.687121114
-41.30729067,-3.684428229
-41.31651558,-3.686237672
-41.32039539,-3.686384541
-41.32210602,-3.68737504
-41.32616877,-3.686944413
-41.32855934,-3.685915774
-41.33143165,-3.685380234
-41.33492395,-3.682791106
-41.34137355,-3.680397483
-41.34290795,-3.677793355
-41.34331844,-3.67559815
-41.34206927,-3.67582625
-41.34002556,-3.674449782
-41.33964797,-3.673598814
-41.33972643,-3.671768947
-41.33872303,-3.670045062
-41.33959038,-3.666995517
-41.33816429,-3.663161135
-41.33689842,-3.657050473
-41.33697386,-3.654287474
-41.33457198,-3.649616121
-41.33359685,-3.647353291
-41.33255842,-3.640038308
-41.33075567,-3.632911593
-41.33132728,-3.630815763
-41.33094136,-3.624309719
-41.34357422,-3.590082861
-41.34452988,-3.588364548
-41.34660486,-3.5864867
-41.34894874,-3.585595893
-41.35683942,-3.584821643
-41.36163384,-3.582805593
-41.36764841,-3.57816165
-41.37025138,-3.574492034
-41.37093871,-3.572252597
-41.3708717,-3.567419516
-41.36915758,-3.563607056
-41.36714625,-3.561558179
-41.36536223,-3.559741917
-41.36428708,-3.557624444
-41.36130183,-3.557656801
-41.35964772,-3.556401249
-41.35562241,-3.556723253
-41.35269295,-3.555455856
-41.34980548,-3.553501344
-41.34679474,-3.553814111
-41.34498621,-3.555064533
-41.34375728,-3.554236769
-41.34245244,-3.55473301
-41.34150304,-3.553483474
-41.33904942,-3.554255629
-41.33649519,-3.553519444
-41.33127023,-3.54570201
-41.33078981,-3.541061915
-41.32707338,-3.538453008
-41.32656529,-3.537958926
-41.3253047,-3.536038856
-41.32520161,-3.533982361
-41.32671193,-3.530525388
-41.32604935,-3.526940545
-41.32625783,-3.524351564
-41.32591055,-3.522963607
-41.32649219,-3.51960895
-41.32533721,-3.50938546
-41.3256774,-3.507876913
-41.3238001,-3.502995111
-41.32345503,-3.502493555
-41.32188261,-3.502163731
-41.32176982,-3.499943091
-41.32069509,-3.497908253
-41.32021393,-3.49748432
-41.31417629,-3.496101507
-41.31122482,-3.49479834
-41.30823151,-3.494184083
-41.30474213,-3.492196017
-41.30081258,-3.491466967
-41.2988409,-3.490647305
-41.30409872,-3.488096227
-41.30596634,-3.487895833
-41.31283498,-3.488534811
-41.31510893,-3.49002045
-41.31731738,-3.492748999
-41.31865238,-3.493590255
-41.31962119,-3.493824598
-41.32185585,-3.494364407
-41.32282401,-3.494231318
-41.32378924,-3.494098633
-41.32414877,-3.493903889
-41.32206496,-3.493803456
-41.31721372,-3.491656164
-41.31499565,-3.489135146
-41.31310175,-3.487746738
-41.3114624,-3.487370853
-41.30036996,-3.487723478
-41.29123148,-3.484993015
-41.28687424,-3.482618621
-41.28334803,-3.483767032
-41.2786878,-3.485044841
-41.27377638,-3.486703188
-41.26268489,-3.486603387
-41.2518457,-3.486629497
-41.24717298,-3.482714559
-41.2459069,-3.480311235
-41.24358153,-3.476714811
-41.23820725,-3.475516887
-41.23643706,-3.473114727
-41.23554199,-3.467670853
-41.22897948,-3.464013499
-41.22276439,-3.464410245
-41.22071814,-3.466178878
-41.21978661,-3.466984022
-41.21752128,-3.468942003
-41.21621747,-3.471119678
-41.21398174,-3.473258063
-41.21245193,-3.474683745
-41.20953777,-3.475842276
-41.19866336,-3.478863868
-41.19583623,-3.480292581
-41.19477838,-3.481835663
-41.19484207,-3.483851897
-41.19490566,-3.485864648
-41.1947026,-3.488664264
-41.19397234,-3.490251643
-41.19244357,-3.492151359
-41.18950176,-3.495002458
-41.18667538,-3.496786707
-41.18526233,-3.497738085
-41.18185146,-3.501775375
-41.17843426,-3.503086964
-41.17614758,-3.504957936
-41.17372874,-3.508312378
-41.1719621,-3.50938309
-41.17007889,-3.511046624
-41.16969227,-3.511815829
-41.16961123,-3.512825367
-41.17145737,-3.515465263
-41.17541407,-3.527110932
-41.17359766,-3.530349383
-41.17399503,-3.532165587
-41.17446201,-3.5329347
-41.17510776,-3.533795629
-41.17639725,-3.534655043
-41.17554245,-3.536166339
-41.17436376,-3.536815951
-41.17318431,-3.537142146
-41.1721109,-3.536929057
-41.16975124,-3.537258021
-41.16717625,-3.537264066
-41.16546434,-3.539316409
-41.16460826,-3.540288678
-41.16439643,-3.54147505
-41.16418736,-3.543847291
-41.16504921,-3.545354562
-41.16548039,-3.546216003
-41.16473361,-3.548050472
-41.16334281,-3.549778652
-41.16098637,-3.551509099
-41.16099465,-3.555066712
-41.16035842,-3.558302421
-41.15810775,-3.559385784
-41.15521957,-3.56316583
-41.15211728,-3.567161999
-41.15002398,-3.570564092
-41.14890217,-3.574002165
-41.14780232,-3.577372931
-41.14581115,-3.580360362
-41.14238559,-3.581092083
-41.14067358,-3.58314446
-41.13928471,-3.585735123
-41.13939451,-3.586812951
-41.14057807,-3.588211681
-41.142982,-3.590939111
-41.143492,-3.595427978
-41.14317791,-3.598770772
-41.14093367,-3.602657168
-41.14038747,-3.605024414
-41.13890453,-3.606758678
-41.13751742,-3.610104017
-41.13720712,-3.615063945
-41.13670131,-3.620432263
-41.13561478,-3.623954642
-41.13190745,-3.630343081
-41.13236087,-3.636941659
-41.13325328,-3.643979167
-41.13634476,-3.654971198
-41.14031853,-3.6686009
-41.14340981,-3.679372816
-41.14300664,-3.693892911
-41.13951836,-3.700280979
-41.13471617,-3.706672244
-41.13035137,-3.712842475
-41.12641182,-3.713731955
-41.12408051,-3.715525275
-41.12182163,-3.717262867
-41.11985815,-3.720347461
-41.11965022,-3.724967749
-41.12053722,-3.729585391
-41.11900801,-3.731129018
-41.11594483,-3.732236374
-41.11114026,-3.737747745
-41.10939809,-3.742580608
-41.10977545,-3.748221406
-41.10845455,-3.752616905
-41.10353417,-3.768990174
-41.10307434,-3.771922482
-41.10366329,-3.774148759
-41.10705963,-3.776867419
-41.11521369,-3.779994955
-41.12054478,-3.78187035
-41.12431694,-3.786896938
-41.12495742,-3.792560691
-41.12635717,-3.79484588
-41.12803557,-3.796641201
-41.13196919,-3.798701111
-41.13290439,-3.799285021
-41.13343887,-3.801352426
-41.13221646,-3.804328282
-41.13314025,-3.807333205
-41.13722053,-3.810155697
-41.14005526,-3.811812468
-41.14064118,-3.812748965
-41.14064553,-3.814507625
-41.13948122,-3.815682981
-41.1356772,-3.819601689
-41.13389248,-3.821324696
-41.13180597,-3.827192172
-41.13196586,-3.828753205
-41.13069418,-3.831888937
-41.12788112,-3.834728615
-41.12349744,-3.835998506
-41.11980388,-3.835546534
-41.11409016,-3.833189212
-41.10624557,-3.828193559
-41.09548342,-3.818605684
-41.09069711,-3.818382887
-41.08366279,-3.819729903
-41.05952603,-3.816011284
-41.05106858,-3.817290594
-41.03790112,-3.814489209
-41.0341357,-3.812294846
-41.0084078,-3.79819113
-41.00150896,-3.796003846
-40.99211341,-3.798228998
-40.98898995,-3.802642962
-40.98627722,-3.803869387
-40.97155845,-3.798579045
-40.96341516,-3.795898036
-40.96035184,-3.794780169
-40.95355249,-3.792170964
-40.95280192,-3.790372903
-40.95279754,-3.788423173
-40.95259611,-3.785522319
-40.9511446,-3.783702531
-40.9492756,-3.782506906
-40.94591706,-3.782889426
-40.94300694,-3.783495898
-40.94039341,-3.783664641
-40.93637577,-3.781616626
-40.92583023,-3.775213837
-40.91526553,-3.771466851
-40.90893277,-3.772663621
-40.90612072,-3.773372227
-40.90386621,-3.774970657
-40.90285914,-3.779531089
-40.90300428,-3.783954111
-40.90263395,-3.78737045
-40.90314459,-3.790531845
-40.90416229,-3.795210123
-40.90492372,-3.797864954
-40.90543328,-3.800520339
-40.90669567,-3.801909047
-40.90933945,-3.801523681
-40.91072667,-3.8024061
-40.91161406,-3.805060631
-40.91199828,-3.807969279
-40.9169226,-3.813777285
-40.91995459,-3.818071484
-40.92059045,-3.820853045
-40.9221152,-3.826921589
-40.92300551,-3.83084106
-40.92250826,-3.833751664
-40.92114048,-3.841597705
-40.92013863,-3.844129956
-40.91913621,-3.846409208
-40.91725278,-3.848943451
-40.9136056,-3.851228672
-40.90907117,-3.85098588
-40.90592518,-3.852131453
-40.90341479,-3.855932104
-40.90116416,-3.863274199
-40.9009179,-3.865804767
-40.90268958,-3.869595801
-40.90345768,-3.875160097
-40.90320975,-3.876931664
-40.90132708,-3.879845425
-40.89995214,-3.884529057
-40.89402062,-3.891595875
-40.89096779,-3.894513793
-40.88759272,-3.897351572
-40.88389397,-3.899462314
-40.88003615,-3.902462893
-40.87377214,-3.909592872
-40.86834059,-3.911761983
-40.86315713,-3.915066242
-40.86002252,-3.917709928
-40.85777495,-3.920787756
-40.85592779,-3.922894329
-40.85199405,-3.928078372
-40.85144115,-3.932931444
-40.85144508,-3.934710443
-40.85177375,-3.937701678
-40.85169735,-3.939561721
-40.8500135,-3.942719174
-40.84966058,-3.943242921
-40.84864921,-3.944743818
-40.84776765,-3.94660566
-40.84704944,-3.949518372
-40.84640942,-3.951379676
-40.84593205,-3.953968396
-40.84706591,-3.95695784
-40.84779558,-3.959220403
-40.84958097,-3.965523802
-40.84975028,-3.969243168
-40.84854935,-3.972318698
-40.84638093,-3.974830353
-40.84482794,-3.975373494
-40.84286524,-3.976407501
-40.84088858,-3.979114229
-40.84004739,-3.982956226
-40.83936965,-3.985921967
-40.83925165,-3.98846506
-40.8393646,-3.989198434
-40.83984237,-3.990069847
-40.84070804,-3.99091895
-40.84259968,-3.992227887
-40.84444612,-3.9932618
-40.84506121,-3.993858471
-40.84585784,-3.995096965
-40.8460158,-3.996242825
-40.84555806,-3.997181525
-40.84478189,-3.997478189
-40.84432478,-3.998004466
-40.84306987,-3.998048354
-40.84208875,-3.998092664
-40.84126568,-3.999214097
-40.84012495,-3.99918942
-40.8388248,-3.998981197
-40.83745596,-3.998933249
-40.83770565,-3.999758484
-40.83908113,-4.000988442
-40.83937681,-4.001583803
-40.8383963,-4.002109209
-40.83791619,-4.003619266
-40.83900701,-4.006710119
-40.84117075,-4.008039751
-40.84586496,-4.008616647
-40.84952565,-4.017248658
-40.8494548,-4.019766143
-40.84598871,-4.02173097
-40.84281473,-4.027884395
-40.84401717,-4.033447113
-40.84378093,-4.041937929
-40.84404529,-4.042003638
-40.84548532,-4.042523997
-40.84681349,-4.043287558
-40.84798945,-4.044271116
-40.84897746,-4.045444792
-40.84974751,-4.046772919
-40.8458252,-4.049057769
-40.84583788,-4.049102266
-40.84588506,-4.049367807
-40.84588561,-4.049637543
-40.8458395,-4.049903274
-40.84574815,-4.050156928
-40.84561432,-4.0503908
-40.84544207,-4.050597782
-40.84523666,-4.050771584
-40.84500431,-4.050906926
-40.84475209,-4.050999697
-40.84448765,-4.051047074
-40.84421904,-4.051047621
-40.84395442,-4.051001321
-40.84381611,-4.05260327
-40.84782174,-4.058466225
-40.8468842,-4.061669476
-40.84698607,-4.061818364
-40.84717533,-4.06202421
-40.8473973,-4.062193926
-40.84764525,-4.062322358
-40.84791165,-4.062405603
-40.84818839,-4.06244113
-40.84846707,-4.062427859
-40.84873922,-4.062366198
-40.84899658,-4.062258017
-40.84923132,-4.062106603
-40.85369421,-4.066573835
-40.8546273,-4.068016597
-40.85448525,-4.068123944
-40.85420343,-4.068399362
-40.85397351,-4.068719738
-40.85380248,-4.069075341
-40.85369555,-4.069455361
-40.85365596,-4.069848254
-40.85368491,-4.070242084
-40.85378153,-4.070624879
-40.85681143,-4.072115414
-40.85765336,-4.073558082
-40.85216909,-4.088589468
-40.84772057,-4.092819297
-40.84685149,-4.095953966
-40.84846425,-4.10181453
-40.84791598,-4.103141448
-40.837292,-4.105763319
-40.83548934,-4.107867192
-40.83630687,-4.111049267
-40.83003843,-4.111363663
-40.82987805,-4.112233217
-40.82700473,-4.113649441
-40.82545262,-4.115890877
-40.82298914,-4.117742346
-40.8167188,-4.119910525
-40.81450436,-4.121837235
-40.81377592,-4.122471019
-40.81046935,-4.123978337
-40.80787127,-4.123540922
-40.80780083,-4.125646488
-40.80761033,-4.12567769
-40.80715599,-4.125811103
-40.80673162,-4.126021708
-40.80635013,-4.126303105
-40.80602309,-4.126646745
-40.80576045,-4.127042183
-40.80557019,-4.127477411
-40.80545809,-4.127939199
-40.80542755,-4.128413518
-40.80079792,-4.13088078
-40.7915427,-4.131626845
-40.78388513,-4.130291652
-40.77934788,-4.131431428
-40.77841454,-4.130217431
-40.77385748,-4.128404639
-40.76694857,-4.130526089
-40.75710006,-4.131683133
-40.75082906,-4.134011132
-40.75023548,-4.134880253
-40.75024492,-4.13488977
-40.75054336,-4.135250491
-40.75077489,-4.135657767
-40.75093246,-4.136099224
-40.7510113,-4.136561448
-40.75100899,-4.137030395
-40.75092563,-4.137491815
-40.75076373,-4.137931692
-40.75052821,-4.138336656
-40.74463918,-4.145883527
-40.74268092,-4.144237041
-40.73340579,-4.141408401
-40.73165226,-4.139804342
-40.73235903,-4.13969066
-40.73072017,-4.137445848
-40.72830556,-4.135863953
-40.72798518,-4.136016598
-40.72745511,-4.136364643
-40.72699329,-4.136799824
-40.72661374,-4.137308913
-40.726328,-4.137876445
-40.72614475,-4.138485176
-40.72606956,-4.139116608
-40.72610472,-4.139751559
-40.72624915,-4.140370734
-40.72403721,-4.141100769
-40.72196431,-4.139725218
-40.72178839,-4.139590583
-40.72135855,-4.139340484
-40.72089198,-4.139169128
-40.72040287,-4.139081725
-40.71990608,-4.139080929
-40.71941669,-4.139166762
-40.71894958,-4.139336621
-40.71851895,-4.139585342
-40.71813787,-4.139905368
-40.71810404,-4.139965886
-40.7169755,-4.141988998
-40.71516529,-4.145233931
-40.71342726,-4.150359052
-40.713403,-4.151709447
-40.71554349,-4.153863293
-40.71555435,-4.154298747
-40.71547822,-4.154914977
-40.71529667,-4.15550857
-40.71501522,-4.156061492
-40.71464242,-4.156556944
-40.71418959,-4.15697987
-40.7136705,-4.157317417
-40.71414235,-4.157600866
-40.71466163,-4.158037571
-40.71509749,-4.158558177
-40.7154367,-4.159146868
-40.71566894,-4.159785758
-40.71578716,-4.160455432
-40.71026721,-4.163493609
-40.71395644,-4.166999552
-40.71322214,-4.171484898
-40.71410697,-4.173463426
-40.71467191,-4.175669273
-40.71484676,-4.177940102
-40.71462621,-4.180206918
-40.7148879,-4.180406937
-40.71695806,-4.181685898
-40.71921797,-4.182584493
-40.72159896,-4.183075422
-40.72264596,-4.184632941
-40.71833337,-4.188427828
-40.71881034,-4.190099189
-40.72134038,-4.190490979
-40.72159485,-4.191000352
-40.72193369,-4.19145785
-40.72234652,-4.191849325
-40.72282077,-4.192162878
-40.72334206,-4.19238898
-40.72389453,-4.192520767
-40.7244614,-4.192554229
-40.7267868,-4.192442237
-40.72817019,-4.199378841
-40.73345481,-4.203550007
-40.7334317,-4.203564198
-40.73311388,-4.203802849
-40.73284215,-4.204093284
-40.73262479,-4.204426678
-40.73246839,-4.204792906
-40.73237771,-4.205180835
-40.7323555,-4.205578681
-40.73240244,-4.205974355
-40.7325171,-4.206355833
-40.732696,-4.206711525
-40.7329337,-4.207030625
-40.73322298,-4.207303435
-40.73602698,-4.210766126
-40.73609271,-4.214689751
-40.73616544,-4.219620714
-40.73672381,-4.220673918
-40.737003,-4.22120052
-40.73895345,-4.223149984
-40.73951024,-4.223489882
-40.74093362,-4.224572149
-40.74129449,-4.232504541
-40.74285974,-4.2391165
-40.7443881,-4.242710753
-40.74500297,-4.244170551
-40.75140169,-4.245518047
-40.75915618,-4.246473241
-40.76304026,-4.249966641
-40.76421241,-4.254049944
-40.7599663,-4.261842522
-40.75785917,-4.272743347
-40.75728792,-4.277219801
-40.75381387,-4.283648642
-40.75479893,-4.290650959
-40.75480916,-4.295126083
-40.75792989,-4.303680023
-40.76084884,-4.308732114
-40.75523915,-4.313609387
-40.75428119,-4.318475891
-40.75798046,-4.325666451
-40.76206478,-4.331688639
-40.7676998,-4.337707149
-40.76810377,-4.344710721
-40.76385306,-4.3505578
-40.77143984,-4.362214147
-40.77423147,-4.368568855
-40.77489538,-4.377818925
-40.7772038,-4.38069117
-40.77812294,-4.381174695
-40.78370403,-4.38411064
-40.78773195,-4.393855159
-40.79209322,-4.401666329
-40.7904515,-4.410388618
-40.79292659,-4.423869278
-40.79001425,-4.429295828
-40.78654691,-4.438448899
-40.78812211,-4.448562587
-40.78989127,-4.458675781
-40.79184684,-4.465675421
-40.79438357,-4.472479044
-40.79458928,-4.477342706
-40.79189132,-4.483964596
-40.7919065,-4.490190698
-40.79444341,-4.496994286
-40.7956319,-4.507303372
-40.79688287,-4.511397764
-40.79689104,-4.514716965
-40.79783921,-4.516018594
-40.79875681,-4.516634805
-40.79937902,-4.517733652
-40.79934563,-4.519551833
-40.79779958,-4.523901838
-40.79597629,-4.526988502
-40.79637342,-4.527475971
-40.79698093,-4.528221655
-40.79792562,-4.529381217
-40.79811201,-4.530835856
-40.7979974,-4.532258663
-40.80108109,-4.537289069
-40.80227017,-4.539217388
-40.80310009,-4.541670123
-40.8034664,-4.546470204
-40.80447459,-4.54812728
-40.80601702,-4.550849898
-40.81002053,-4.55356733
-40.80993266,-4.557834075
-40.810764,-4.559610117
-40.81183131,-4.561267022
-40.81828072,-4.565814582
-40.81958326,-4.567055967
-40.81976299,-4.568063118
-40.81911628,-4.56925018
-40.81688155,-4.57310847
-40.81546818,-4.574771649
-40.81198754,-4.576440063
-40.81033595,-4.577333315
-40.8092167,-4.578521573
-40.80874715,-4.579708188
-40.81052851,-4.583437767
-40.81195698,-4.587760944
-40.81516391,-4.594628242
-40.81741534,-4.597348971
-40.82067113,-4.601869491
-40.8208816,-4.604920056
-40.81936336,-4.605737572
-40.81683313,-4.607167895
-40.81481766,-4.611749715
-40.81320528,-4.615415175
-40.81007228,-4.618982819
-40.81048364,-4.621320961
-40.81177843,-4.62282453
-40.81270182,-4.625808708
-40.81424599,-4.626091414
-40.81576283,-4.62527766
-40.8175905,-4.625981128
-40.81827528,-4.626713345
-40.81834273,-4.627047323
-40.82061341,-4.627284891
