-40.34100517,-3.35963504
-40.34066378,-3.35801033
-40.3411939,-3.35329133
-40.34159484,-3.35221232
-40.34163268,-3.35129272
-40.34149888,-3.35089116
-40.33843106,-3.34902139
-40.33769737,-3.34801721
-40.3371619,-3.34750014
-40.33549387,-3.34440452
-40.33175651,-3.33965563
-40.32992781,-3.33907762
-40.32715892,-3.34030652
-40.32538593,-3.3404203
-40.32350076,-3.33953184
-40.3172897,-3.3357534
-40.3141867,-3.33575757
-40.30886328,-3.33275751
-40.3059759,-3.32819488
-40.30264498,-3.32341007
-40.30064584,-3.32007138
-40.29875505,-3.31483912
-40.29586982,-3.31183571
-40.29331721,-3.30894323
-40.29098899,-3.30816663
-40.28910578,-3.30872598
-40.28722314,-3.30973084
-40.28478739,-3.31151607
-40.28246203,-3.31296702
-40.28157547,-3.31296817
-40.28024362,-3.3114106
-40.27940884,-3.31073728
-40.27555371,-3.30796359
-40.27322825,-3.30629045
-40.27164605,-3.30515207
-40.26763871,-3.30557041
-40.26544185,-3.30574934
-40.26389178,-3.30686512
-40.26178802,-3.30831574
-40.25614218,-3.31311227
-40.25492104,-3.31144312
-40.25403237,-3.30977356
-40.25281263,-3.30921821
-40.25137168,-3.30899727
-40.25023008,-3.30852091
-40.24871057,-3.30788684
-40.24926342,-3.30688372
-40.25203283,-3.30598918
-40.2533631,-3.30632163
-40.25524706,-3.30631924
-40.25779397,-3.30475669
-40.26033877,-3.30152344
-40.2615989,-3.29731476
-40.26276376,-3.29516895
-40.26475891,-3.29149366
-40.26508856,-3.28926565
-40.26596907,-3.28447522
-40.26618341,-3.27868322
-40.26695437,-3.27489534
-40.26868764,-3.26810852
-40.26992683,-3.25929847
-40.27246942,-3.25439457
-40.27501339,-3.25060445
-40.27777646,-3.24480924
-40.28076084,-3.238791
-40.2822985,-3.22787393
-40.28205669,-3.21172431
-40.28171871,-3.20726958
-40.28037751,-3.19802682
-40.2810327,-3.19022948
-40.28135671,-3.18343496
-40.28046435,-3.17864678
-40.27851307,-3.17447735
-40.27658156,-3.17112223
-40.27380085,-3.16629196
-40.27238455,-3.1551713
-40.27022468,-3.141236
-40.26944436,-3.13733867
-40.26766724,-3.13377669
-40.26467251,-3.13121859
-40.26194125,-3.12984299
-40.25181171,-3.12466267
-40.2410578,-3.11944059
-40.22365319,-3.11188713
-40.21313808,-3.10566109
-40.20657811,-3.10165973
-40.20271676,-3.09796037
-40.20191229,-3.09086097
-40.20301389,-3.08517922
-40.20366718,-3.0749313
-40.20542156,-3.06655566
-40.20863534,-3.05910938
-40.21195435,-3.05476172
-40.21469584,-3.05109216
-40.2193665,-3.04484031
-40.22068964,-3.03915834
-40.22123535,-3.03180653
-40.22134041,-3.02668285
-40.22322063,-3.02378479
-40.22554602,-3.02266834
-40.22765031,-3.02199766
-40.23008648,-3.02088108
-40.23363018,-3.01942909
-40.2375056,-3.0174198
-40.24060535,-3.01530001
-40.24403657,-3.01240018
-40.2435905,-3.00983893
-40.24170266,-3.00594276
-40.23283011,-2.99759926
-40.22589395,-2.99234903
-40.22099184,-2.98743166
-40.21712225,-2.98060445
-40.21695269,-2.96738477
-40.21442116,-2.94914991
-40.21459778,-2.93165141
-40.21302653,-2.91715267
-40.21127461,-2.90678647
-40.20973958,-2.89582369
-40.2100029,-2.88761858
-40.21298432,-2.87749611
-40.21895173,-2.8616271
-40.21812707,-2.85342318
-40.21590201,-2.84797349
-40.21449634,-2.84453065
-40.21273964,-2.83574688
-40.21374758,-2.82717241
-40.21483378,-2.81473923
-40.21216113,-2.81490154
-40.20703917,-2.81440196
-40.2054989,-2.81471715
-40.20374877,-2.81574135
-40.20095596,-2.81588775
-40.19957007,-2.81554458
-40.19788399,-2.81618603
-40.19611274,-2.81652333
-40.19606346,-2.81652818
-40.19466458,-2.81736212
-40.19460499,-2.81728755
-40.19455917,-2.81720372
-40.19452853,-2.81711316
-40.194514,-2.81701862
-40.19451601,-2.81692298
-40.19453451,-2.81682915
-40.19456893,-2.81673997
-40.19459076,-2.81669973
-40.19509749,-2.8159692
-40.19571548,-2.81568923
-40.19595775,-2.81559021
-40.1962017,-2.81549545
-40.19644725,-2.81540498
-40.19669434,-2.81531884
-40.19694289,-2.81523705
-40.19719281,-2.81515963
-40.19744405,-2.8150866
-40.19769651,-2.815018
-40.19795012,-2.81495384
-40.19798234,-2.81494603
-40.1992397,-2.81447025
-40.19928685,-2.81443871
-40.19932783,-2.81439942
-40.1993614,-2.81435356
-40.19938655,-2.81430255
-40.1994025,-2.81424791
-40.19940878,-2.81419133
-40.19940518,-2.8141345
-40.19939183,-2.81407917
-40.19936913,-2.81402701
-40.19933776,-2.8139796
-40.19930668,-2.81394571
-40.19864617,-2.81367195
-40.19794841,-2.81351767
-40.19748607,-2.81348386
-40.19321585,-2.81359077
-40.18671511,-2.81486022
-40.18633081,-2.81497316
-40.18621925,-2.81497034
-40.18610987,-2.81494809
-40.18600599,-2.81490707
-40.18591078,-2.81484854
-40.18582712,-2.81477427
-40.18575756,-2.81468653
-40.18570421,-2.81458797
-40.18566869,-2.8144816
-40.18565208,-2.81437064
-40.18565489,-2.81425846
-40.18567702,-2.81414848
-40.18571781,-2.81404403
-40.18577602,-2.8139483
-40.18581547,-2.81389972
-40.18600986,-2.81377051
-40.18622361,-2.8136772
-40.18645023,-2.81362263
-40.18668283,-2.81360846
-40.18680886,-2.81361786
-40.18735304,-2.8129485
-40.18756758,-2.81296471
-40.18778167,-2.81294321
-40.18798879,-2.81288465
-40.18818265,-2.81279082
-40.18835736,-2.81266457
-40.1883825,-2.81264221
-40.18829281,-2.81253682
-40.18818627,-2.81244869
-40.18806614,-2.81238049
-40.18793605,-2.81233431
-40.18779996,-2.81231155
-40.18766201,-2.81231289
-40.18752639,-2.8123383
-40.1874525,-2.81236298
-40.18670807,-2.81253635
-40.18600489,-2.81283707
-40.1854991,-2.81315411
-40.17932086,-2.81706021
-40.17574599,-2.81976276
-40.17478797,-2.82033456
-40.17112666,-2.8234552
-40.17029117,-2.82382807
-40.16946227,-2.82421553
-40.16864022,-2.82461749
-40.16782528,-2.82503381
-40.16701768,-2.82546436
-40.16621768,-2.82590902
-40.16542552,-2.82636765
-40.16464144,-2.82684012
-40.16461819,-2.82685441
-40.15949309,-2.83149985
-40.15907003,-2.83196384
-40.1585189,-2.83298191
-40.1586686,-2.83498204
-40.15803023,-2.83599421
-40.15690741,-2.83483825
-40.15622823,-2.83388804
-40.15576474,-2.83247376
-40.15520534,-2.83221931
-40.15479292,-2.83255497
-40.15434932,-2.83337011
-40.15377168,-2.83409541
-40.15376159,-2.834106
-40.15369692,-2.83417254
-40.1536311,-2.83423793
-40.15356415,-2.83430215
-40.1534961,-2.83436519
-40.15342697,-2.83442703
-40.15336363,-2.83448181
-40.14669145,-2.83823233
-40.14542628,-2.83858389
-40.14276627,-2.83807349
-40.14194746,-2.83841514
-40.14147364,-2.83921266
-40.14106231,-2.84147072
-40.14006384,-2.84305652
-40.1388141,-2.8423668
-40.13894939,-2.84164704
-40.13874683,-2.83910693
-40.13880842,-2.83786463
-40.13862901,-2.83673467
-40.13825719,-2.83565321
-40.13789249,-2.83494982
-40.13715262,-2.83459027
-40.13636189,-2.83436537
-40.13554434,-2.83428195
-40.13518685,-2.8342906
-40.13444968,-2.83358909
-40.1340453,-2.83356032
-40.13227039,-2.83494867
-40.13153939,-2.83514135
-40.13069291,-2.83463511
-40.13032137,-2.83331902
-40.13068784,-2.83202646
-40.13172424,-2.83007625
-40.13184366,-2.82970171
-40.13189659,-2.82931202
-40.13188141,-2.828919
-40.13179859,-2.8285346
-40.13165065,-2.8281705
-40.13147838,-2.82788721
-40.13072104,-2.82715056
-40.13010242,-2.82629286
-40.12992668,-2.82597725
-40.1296198,-2.82583483
-40.12867163,-2.82612239
-40.1276882,-2.82624002
-40.1274355,-2.82624228
-40.12734002,-2.82610247
-40.12758259,-2.82550148
-40.12737679,-2.82474227
-40.1258669,-2.82359177
-40.1240634,-2.82303483
-40.11999279,-2.82334277
-40.11877014,-2.82357785
-40.11728722,-2.8240689
-40.11591164,-2.82481142
-40.11477263,-2.82570127
-40.11382013,-2.8271476
-40.11324499,-2.82771427
-40.11317532,-2.82801926
-40.1131961,-2.82808147
-40.11322731,-2.82813912
-40.11326799,-2.82819044
-40.11331693,-2.82823388
-40.11337262,-2.82826811
-40.11343338,-2.8282921
-40.11349735,-2.82830512
-40.11356261,-2.82830676
-40.11360694,-2.82830131
-40.11413302,-2.82794611
-40.11471246,-2.82768817
-40.11516501,-2.82756468
-40.11521643,-2.82755492
-40.11526875,-2.82755429
-40.11532038,-2.8275628
-40.11536976,-2.8275802
-40.11541539,-2.82760596
-40.11545587,-2.82763929
-40.11548999,-2.82767918
-40.11551669,-2.82772443
-40.11553518,-2.82777365
-40.11554488,-2.82782535
-40.11554551,-2.82787795
-40.11553704,-2.82792987
-40.11551979,-2.82797941
-40.11398196,-2.82999305
-40.11306666,-2.83062455
-40.11240302,-2.83049783
-40.11219353,-2.83036981
-40.11125805,-2.83304951
-40.10810857,-2.84207108
-40.10667949,-2.85219895
-40.10093224,-2.86040214
-40.09811303,-2.86580183
-40.0918119,-2.87114739
-40.08384833,-2.87349104
-40.07654884,-2.87616775
-40.07223743,-2.87984276
-40.06958837,-2.88651969
-40.06860075,-2.89519738
-40.07159333,-2.9008678
-40.07624618,-2.90720405
-40.07890947,-2.91554451
-40.0822389,-2.92622033
-40.08619584,-2.9327789
-40.08955706,-2.94256544
-40.09090006,-2.9582489
-40.0928848,-2.96987279
-40.09720869,-2.9771017
-40.09626087,-2.98867579
-40.08769758,-3.00699655
-40.08729648,-3.01079585
-40.09047982,-3.02908897
-40.09028997,-3.03704408
-40.09029916,-3.04619223
-40.08852253,-3.04997262
-40.0859536,-3.05275945
-40.08239511,-3.05514954
-40.08042063,-3.05893013
-40.0804272,-3.06549295
-40.08280635,-3.07066125
-40.08004354,-3.07742575
-40.07787179,-3.08180318
-40.0766892,-3.0861796
-40.07748514,-3.09075288
-40.08104997,-3.09452784
-40.08441558,-3.09691086
-40.08738695,-3.10068639
-40.08778852,-3.10645329
-40.0870092,-3.1181876
-40.08583668,-3.13230879
-40.08583976,-3.13529188
-40.08288464,-3.14742621
-40.07975309,-3.15562999
-40.07844107,-3.16070707
-40.07668927,-3.16512256
-40.07471848,-3.17008999
-40.07395235,-3.17229762
-40.07362508,-3.17428411
-40.07225759,-3.17959434
-40.07622655,-3.18689028
-40.07935029,-3.19060866
-40.07954436,-3.20281421
-40.07607533,-3.20815642
-40.07334787,-3.22437952
-40.07104829,-3.22989903
-40.06885581,-3.23288058
-40.06644215,-3.23431757
-40.06260122,-3.23564572
-40.05678353,-3.23631388
-40.03790713,-3.24218163
-40.03220126,-3.24494607
-40.02671591,-3.24870335
-40.02474249,-3.2513536
-40.02419479,-3.25256793
-40.02452637,-3.25477446
-40.02518675,-3.25642893
-40.03046188,-3.26183034
-40.03386858,-3.26513712
-40.03796283,-3.26997961
-40.03938808,-3.27465762
-40.04265866,-3.28539221
-40.04377274,-3.2878574
-40.04469436,-3.28970215
-40.04718166,-3.29315025
-40.05113828,-3.29722873
-40.05157883,-3.29855237
-40.05169059,-3.30042807
-40.05235536,-3.30616516
-40.05499506,-3.31068637
-40.05752513,-3.31531803
-40.0637941,-3.32557306
-40.06874131,-3.33174682
-40.06907724,-3.33781524
-40.07039796,-3.34079302
-40.07501759,-3.34503528
-40.08512192,-3.3515902
-40.08940577,-3.35335088
-40.09116883,-3.35521032
-40.09257213,-3.35838017
-40.09325709,-3.36107041
-40.09501575,-3.36283388
-40.09930139,-3.36613925
-40.1038162,-3.36685337
-40.10797619,-3.36712245
-40.11379573,-3.36755715
-40.12093278,-3.36799029
-40.12181125,-3.36809961
-40.12291069,-3.36942241
-40.12423138,-3.37217937
-40.1258831,-3.37637035
-40.13017335,-3.38353739
-40.13193441,-3.38728686
-40.13270503,-3.38905138
-40.13314729,-3.391699
-40.13249405,-3.39644434
-40.13249998,-3.3996269
-40.13414923,-3.40350409
-40.14020115,-3.41464113
-40.14283837,-3.41640341
-40.1461357,-3.41926826
-40.148116,-3.42257604
-40.14943845,-3.42665696
-40.15076725,-3.43603411
-40.15142869,-3.43824008
-40.15595848,-3.44239181
-40.15912319,-3.44529235
-40.16000387,-3.44716702
-40.15989634,-3.4490429
-40.15759373,-3.45169382
-40.15265721,-3.45545134
-40.14826859,-3.45832548
-40.14552526,-3.45976321
-40.13850159,-3.46286118
-40.13575743,-3.46363686
-40.13257471,-3.46496475
-40.12994335,-3.46827807
-40.12841029,-3.47181076
-40.12918548,-3.47732678
-40.13094551,-3.4799728
-40.13182514,-3.48096479
-40.13072919,-3.48273153
-40.12798734,-3.48549331
-40.12612497,-3.48913673
-40.12426324,-3.49333186
-40.12536605,-3.49730274
-40.1272362,-3.5001693
-40.12877628,-3.50248456
-40.12954732,-3.50446973
-40.12987966,-3.50689678
-40.12900437,-3.50954597
-40.12747022,-3.51219597
-40.12440177,-3.51738562
-40.12253884,-3.52058771
-40.12078293,-3.52147254
-40.11946625,-3.52235684
-40.11782002,-3.5231312
-40.11496546,-3.523576
-40.11343034,-3.52545361
-40.11299293,-3.52699889
-40.11233695,-3.52942715
-40.11036414,-3.53262936
-40.108229,-3.53346652
-40.10564639,-3.53616588
-40.10587243,-3.54157226
-40.10609507,-3.5441098
-40.10884632,-3.54907178
-40.11126434,-3.5508343
-40.11181553,-3.55259907
-40.11104973,-3.55502746
-40.10940422,-3.55646386
-40.10797913,-3.55856203
-40.10743612,-3.56363831
-40.10678277,-3.56827336
-40.10458999,-3.57125518
-40.10261566,-3.57324368
-40.10141017,-3.57534159
-40.10152249,-3.57743791
-40.10227839,-3.58062063
-40.10120702,-3.58913431
-40.10033203,-3.59211454
-40.09814092,-3.59653078
-40.09364816,-3.6048117
-40.09387572,-3.61143183
-40.09388128,-3.61607225
-40.0938719,-3.61615691
-40.09633534,-3.62107636
-40.09878454,-3.62267206
-40.10417367,-3.62670411
-40.10583894,-3.62875522
-40.10898056,-3.63173419
-40.11651187,-3.63555116
-40.11808064,-3.63865417
-40.11752428,-3.64254034
-40.11583926,-3.64518109
-40.11300967,-3.64575235
-40.11168274,-3.6464278
-40.11105911,-3.64745248
-40.11034766,-3.65081094
-40.10971594,-3.65826692
-40.11182173,-3.6625417
-40.1121252,-3.66439814
-40.11167235,-3.6667975
-40.11361215,-3.66912545
-40.11366772,-3.67065937
-40.11271181,-3.67328338
-40.11254367,-3.67705839
-40.11349986,-3.68260517
-40.11212933,-3.685775
-40.111355,-3.69121569
-40.1115172,-3.69191833
-40.11194754,-3.69283766
-40.11200549,-3.6934125
-40.11203431,-3.69344112
-40.11190938,-3.69608182
-40.11243737,-3.70067207
-40.11531541,-3.70512818
-40.11729398,-3.71021111
-40.11898939,-3.71151511
-40.12460383,-3.7143089
-40.12722875,-3.71693918
-40.12792023,-3.71818581
-40.12847638,-3.72151179
-40.12834087,-3.72345254
-40.12641109,-3.72497976
-40.12420465,-3.72595287
-40.12310274,-3.72747902
-40.12338222,-3.73025092
-40.12444263,-3.73309341
-40.12311122,-3.76187166
-40.12316123,-3.76238387
-40.12368761,-3.77743271
-40.1246348,-3.7820752
-40.12930195,-3.78801909
-40.13076813,-3.792563
-40.13158543,-3.79842893
-40.13328535,-3.80226527
-40.13331597,-3.80407361
-40.13202857,-3.80545899
-40.13052355,-3.80560665
-40.12776658,-3.80560653
-40.12689229,-3.80662916
-40.12488319,-3.8071159
-40.12301836,-3.80668836
-40.12130146,-3.80765817
-40.12036396,-3.80948348
-40.12088604,-3.81286296
-40.12005534,-3.81506323
-40.12008575,-3.81689447
-40.12092331,-3.82031166
-40.12394267,-3.82449447
-40.12479192,-3.83060362
-40.12589597,-3.83359229
-40.12630241,-3.84743734
-40.12756293,-3.84954822
-40.12811572,-3.85158979
-40.12816443,-3.85397046
-40.12978867,-3.85595228
-40.13192609,-3.85649648
-40.13452863,-3.85590018
-40.13589431,-3.85801999
-40.13647943,-3.86003429
-40.13517608,-3.86304634
-40.13811258,-3.87147253
-40.1397372,-3.87647553
-40.13941475,-3.87732099
-40.13666932,-3.88093358
-40.13436365,-3.88421016
-40.13496367,-3.88811741
-40.13684459,-3.89116999
-40.13736661,-3.8943544
-40.1382759,-3.89675826
-40.14151087,-3.89603884
-40.1437439,-3.89625797
-40.14564435,-3.89792159
-40.14678742,-3.90024266
-40.14793896,-3.90153387
-40.14954885,-3.90250846
-40.14993427,-3.90337259
-40.15006477,-3.90415243
-40.14682516,-3.90674287
-40.14600847,-3.90907057
-40.14696082,-3.91241997
-40.14934133,-3.91390445
-40.15085558,-3.91455169
-40.15267093,-3.91688926
-40.15481106,-3.9200714
-40.15623812,-3.9224095
-40.15879938,-3.92487688
-40.16048706,-3.92470773
-40.16188725,-3.92625272
-40.16244435,-3.92779074
-40.16396597,-3.92842126
-40.16477522,-3.92977826
-40.16428322,-3.93142205
-40.16372023,-3.93338567
-40.16525173,-3.93559545
-40.16660862,-3.93686542
-40.16828884,-3.93761166
-40.16890295,-3.93775405
-40.17042647,-3.93815569
-40.17088845,-3.93928948
-40.1716117,-3.94091188
-40.17107246,-3.94276126
-40.17247307,-3.94426044
-40.17354986,-3.94487585
-40.17523323,-3.94670918
-40.1763382,-3.94813726
-40.17886136,-3.9489133
-40.18086585,-3.94902135
-40.18618379,-3.95359666
-40.18866796,-3.95636347
-40.19035684,-3.9588491
-40.19041625,-3.95994815
-40.18915346,-3.96110499
-40.18909241,-3.96300407
-40.18826313,-3.96409582
-40.18579578,-3.96485368
-40.18368612,-3.96646129
-40.18246552,-3.96803044
-40.1816342,-3.97216608
-40.1793073,-3.97525954
-40.1748462,-3.98016637
-40.16848787,-3.99135143
-40.1671359,-3.99504796
-40.16501511,-3.99800578
-40.1629481,-3.99995702
-40.16247822,-4.00041159
-40.16206539,-4.00251876
-40.16199926,-4.00254439
-40.16130556,-4.00289257
-40.1606826,-4.00335642
-40.16014931,-4.00392187
-40.15972189,-4.00457173
-40.15941334,-4.00528624
-40.15923302,-4.00604371
-40.15462158,-4.00929187
-40.14979904,-4.01796917
-40.14386474,-4.02087225
-40.14107911,-4.02322887
-40.13993682,-4.02478545
-40.14079869,-4.0294827
-40.14036449,-4.03019241
-40.1339976,-4.03217863
-40.13233015,-4.03414699
-40.1274471,-4.03514969
-40.12548129,-4.03874426
-40.11977396,-4.0424722
-40.11858588,-4.04412035
-40.11582423,-4.04526277
-40.11297266,-4.04516799
-40.11110613,-4.04650882
-40.10897392,-4.04754068
-40.10669566,-4.04818505
-40.10276845,-4.05115888
-40.09975835,-4.04998715
-40.09941513,-4.05090314
-40.09850538,-4.0483821
-40.09186392,-4.05080302
-40.08949125,-4.05084616
-40.08885367,-4.0497687
-40.08816893,-4.05006574
-40.08684131,-4.05400464
-40.08222915,-4.05734417
-40.0810631,-4.05958796
-40.07722879,-4.06095815
-40.07554139,-4.06022312
-40.07399355,-4.05712858
-40.0720777,-4.05666819
-40.07011436,-4.05783431
-40.06137439,-4.05972568
-40.06023278,-4.06050327
-40.05660562,-4.06024704
-40.05509848,-4.06145948
-40.05669004,-4.0661578
-40.05303464,-4.07055217
-40.04945188,-4.07130399
-40.04758101,-4.07212891
-40.04472223,-4.07390486
-40.04221397,-4.07615231
-40.02651243,-4.08030318
-40.02404628,-4.08208718
-40.0207825,-4.0831142
-40.0185659,-4.08606689
-40.01548461,-4.0870941
-40.0126095,-4.08741135
-40.00631562,-4.08481487
-39.9996784,-4.0831339
-39.99845983,-4.08309105
-39.99702794,-4.08359501
-39.99591421,-4.08396162
-39.99466468,-4.08487634
-39.99293051,-4.08541444
-39.99170024,-4.08624023
-39.99088079,-4.08739521
-39.99022573,-4.08871484
-39.98962228,-4.0896084
-39.98910045,-4.09061361
-39.98917698,-4.09188874
-39.98934505,-4.09243481
-39.99062851,-4.09465314
-39.99131258,-4.09634193
-39.99156894,-4.09726449
-39.99102677,-4.09877793
-39.99065247,-4.10066935
-39.9899102,-4.10280504
-39.98993464,-4.1042891
-39.98914016,-4.10547729
-39.98870964,-4.10680205
-39.98810762,-4.10710175
-39.98660158,-4.10752383
-39.98442508,-4.10723238
-39.9818305,-4.1072776
-39.98049108,-4.10706914
-39.97906837,-4.10719696
-39.9768072,-4.10610718
-39.97567723,-4.10606654
-39.97445216,-4.10640738
-39.97352006,-4.10656827
-39.97274711,-4.10670613
-39.97254256,-4.1067977
-39.97161886,-4.10686991
-39.97072376,-4.10705091
-39.97011249,-4.10704023
-39.96986171,-4.10729226
-39.96973742,-4.10775442
-39.96995216,-4.10839888
-39.97054506,-4.10990514
-39.9709563,-4.11163993
-39.97032144,-4.11326174
-39.97050499,-4.11472279
-39.96955142,-4.11602531
-39.96871165,-4.11741903
-39.96634872,-4.11913412
-39.96505472,-4.12103066
-39.96307862,-4.12299646
-39.96214765,-4.12418479
-39.96071669,-4.12562483
-39.9593765,-4.12690495
-39.95812673,-4.12770548
-39.95612626,-4.12823287
-39.95378422,-4.12832681
-39.95180586,-4.12828335
-39.95103136,-4.1276427
-39.94896229,-4.12723622
-39.94793917,-4.12737435
-39.94674406,-4.12841499
-39.9460751,-4.12896207
-39.94350711,-4.12929717
-39.94248451,-4.12991478
-39.94096117,-4.13009911
-39.93759576,-4.13012564
-39.93591312,-4.13019598
-39.93339592,-4.13027978
-39.93134514,-4.13019815
-39.92875181,-4.13141983
-39.92645099,-4.13226297
-39.92498607,-4.13213861
-39.92310322,-4.13251901
-39.92145515,-4.13427586
-39.92016045,-4.1356472
-39.91942479,-4.13638932
-39.91704015,-4.13714848
-39.91616146,-4.13731759
-39.91432039,-4.1376559
-39.91356673,-4.13736261
-39.91181755,-4.13809922
-39.91080613,-4.13875253
-39.90946699,-4.13883811
-39.90674679,-4.1383101
-39.90404067,-4.13824446
-39.90219924,-4.13872589
-39.90001728,-4.13975566
-39.89825838,-4.14076162
-39.89813099,-4.14083078
-39.89653945,-4.1410836
-39.89463049,-4.14225007
-39.8929262,-4.14341632
-39.8921456,-4.14343829
-39.89174329,-4.14300656
-39.89144738,-4.14273288
-39.8906503,-4.14159207
-39.89017187,-4.14072492
-39.88933581,-4.13831472
-39.88900062,-4.13797892
-39.88845664,-4.13806358
-39.88527667,-4.1387395
-39.88351918,-4.1389936
-39.88280784,-4.13912047
-39.88167789,-4.13916375
-39.88084076,-4.13908064
-39.88020977,-4.13881725
-39.8797543,-4.13815557
-39.87850283,-4.13740336
-39.877457,-4.13760993
-39.87409134,-4.13747636
-39.87066733,-4.13594021
-39.86895064,-4.13522772
-39.8681137,-4.13531268
-39.86748638,-4.13573359
-39.86631553,-4.13665938
-39.86451804,-4.13776004
-39.86299482,-4.1381269
-39.86072163,-4.13895116
-39.85940288,-4.13913515
-39.85894769,-4.13874744
-39.85897043,-4.13874742
-39.85833262,-4.13765207
-39.85783143,-4.13673925
-39.85701144,-4.13537009
-39.85623659,-4.13365839
-39.85516648,-4.13231231
-39.8543466,-4.13105731
-39.85325365,-4.12959708
-39.85275277,-4.12898109
-39.85213787,-4.12804554
-39.85218291,-4.12758884
-39.852364,-4.12674384
-39.85252253,-4.12608152
-39.85258985,-4.12516814
-39.85217953,-4.12414106
-39.85145081,-4.12306863
-39.85058614,-4.12249865
-39.84967564,-4.12156339
-39.8492204,-4.12110718
-39.84831034,-4.12062858
-39.84744568,-4.1200586
-39.84717276,-4.1200132
-39.84680866,-4.11973956
-39.8451255,-4.11930738
-39.84382852,-4.11846382
-39.84303188,-4.11768828
-39.84244101,-4.11684016
-39.84218935,-4.11647894
-39.84177936,-4.11577152
-39.84082374,-4.11520162
-39.83886809,-4.11515785
-39.83666222,-4.11502298
-39.83534315,-4.11484158
-39.83338776,-4.1150718
-39.83006792,-4.11523481
-39.82804379,-4.11491708
-39.82688359,-4.11441585
-39.82304196,-4.11588082
-39.82099605,-4.11659059
-39.81769993,-4.11782669
-39.81472155,-4.11840032
-39.81181081,-4.11835738
-39.81021997,-4.11938636
-39.80951533,-4.11970668
-39.8092885,-4.12032339
-39.8095615,-4.12046013
-39.80910814,-4.12201322
-39.80924582,-4.12336025
-39.80936028,-4.12418214
-39.80883811,-4.12509596
-39.80722412,-4.12622229
-39.80716067,-4.12693107
-39.80793137,-4.12820212
-39.80902421,-4.12963516
-39.80960235,-4.13027886
-39.80934882,-4.13337168
-39.80870886,-4.13504747
-39.80858144,-4.13594959
-39.80789476,-4.13779212
-39.80605458,-4.13973466
-39.80492949,-4.14142973
-39.80435303,-4.14246118
-39.80151097,-4.1446252
-39.80101979,-4.14587927
-39.80025108,-4.14716862
-39.79880974,-4.14997069
-39.79820283,-4.15226055
-39.79756264,-4.15374305
-39.79631322,-4.15540732
-39.79538186,-4.15652701
-39.79433652,-4.15734998
-39.79367793,-4.15833242
-39.79331562,-4.16002241
-39.79338509,-4.16139235
-39.7922719,-4.16262637
-39.7912268,-4.16372333
-39.790319,-4.16575633
-39.79006941,-4.16637306
-39.78977446,-4.16712683
-39.78981996,-4.16714962
-39.78754761,-4.16911537
-39.78559306,-4.17046433
-39.78459339,-4.17151557
-39.78297944,-4.17229338
-39.78093313,-4.17277474
-39.7792966,-4.17373523
-39.77765965,-4.17423904
-39.77622724,-4.17458284
-39.7746453,-4.1738626
-39.77267952,-4.1745632
-39.77293081,-4.17584164
-39.77365993,-4.17739366
-39.7743656,-4.17814653
-39.77552627,-4.17908165
-39.77716505,-4.18061001
-39.77866753,-4.18229831
-39.7805114,-4.18426031
-39.78183652,-4.18451753
-39.7835398,-4.18515688
-39.78513732,-4.1864374
-39.78608089,-4.18757053
-39.78645044,-4.18799955
-39.78801226,-4.18953228
-39.78829478,-4.19044101
-39.78890956,-4.19126245
-39.78945642,-4.19240361
-39.7895935,-4.19308848
-39.78981342,-4.19343129
-39.78994608,-4.19393535
-39.78934472,-4.19459571
-39.788845,-4.19525834
-39.78706738,-4.19614077
-39.78619563,-4.19659276
-39.78519193,-4.19725718
-39.78437344,-4.19810717
-39.7838721,-4.19895684
-39.78315948,-4.19996593
-39.78300536,-4.20088071
-39.78264314,-4.20270771
-39.7821215,-4.20428369
-39.78192269,-4.20543366
-39.7818447,-4.20673402
-39.78097401,-4.208274
-39.7795125,-4.21131875
-39.77928576,-4.21161927
-39.77855855,-4.21268963
-39.77765016,-4.21415179
-39.7770145,-4.21540821
-39.77627826,-4.21730106
-39.77588266,-4.21817716
-39.77490581,-4.21929266
-39.77406292,-4.22093657
-39.7747915,-4.22182641
-39.77581504,-4.22193965
-39.77729329,-4.22189263
-39.77752153,-4.22278292
-39.77740886,-4.22392469
-39.77740939,-4.22451836
-39.77752523,-4.22684725
-39.77743581,-4.22855984
-39.7782105,-4.23011179
-39.77866553,-4.23029404
-39.77884883,-4.23177804
-39.77962289,-4.232645
-39.77962449,-4.2332195
-39.77948839,-4.23479146
-39.77926213,-4.23607033
-39.77871745,-4.2373495
-39.77844518,-4.23805758
-39.77765007,-4.23906298
-39.77749139,-4.23963396
-39.77703702,-4.24018238
-39.77521836,-4.24109738
-39.77344498,-4.24178401
-39.77160345,-4.24256203
-39.77019374,-4.24299715
-39.76830743,-4.24457437
-39.76717115,-4.24558007
-39.76571637,-4.24649472
-39.76505049,-4.24733593
-39.76436802,-4.24816958
-39.76339267,-4.24895452
-39.76090455,-4.24998595
-39.75900153,-4.25042882
-39.75695256,-4.25136181
-39.75558645,-4.25185314
-39.75441567,-4.25244227
-39.75248528,-4.25310547
-39.75043928,-4.25420329
-39.74903019,-4.25539189
-39.74762105,-4.25653481
-39.74768582,-4.25813268
-39.74666191,-4.25921165
-39.74490575,-4.26014433
-39.7425529,-4.26090048
-39.7412347,-4.26202048
-39.73948471,-4.26355186
-39.73796259,-4.26558538
-39.73732719,-4.26725278
-39.73646448,-4.26908022
-39.73453239,-4.27047475
-39.7333961,-4.27157175
-39.73282802,-4.27218875
-39.73216863,-4.27244049
-39.73166917,-4.2735141
-39.73207978,-4.27490659
-39.7321038,-4.27639075
-39.73208224,-4.27776078
-39.73285647,-4.27881046
-39.73417657,-4.27983681
-39.73565582,-4.28079453
-39.73670275,-4.28154712
-39.73780047,-4.28171064
-39.73853307,-4.28219992
-39.73814415,-4.28381726
-39.73700171,-4.28531439
-39.73593366,-4.28643417
-39.73422849,-4.28725767
-39.73338775,-4.28821742
-39.73445792,-4.28954083
-39.73541376,-4.2901565
-39.73677973,-4.29159381
-39.73741725,-4.29234676
-39.73819153,-4.29341925
-39.73862425,-4.29405821
-39.73876128,-4.29469743
-39.73826178,-4.29572538
-39.73785282,-4.29625091
-39.73747385,-4.29739056
-39.73688959,-4.29891008
-39.73601195,-4.29989091
-39.73503707,-4.30126382
-39.73357408,-4.30263719
-39.73279387,-4.30342193
-39.73176402,-4.30429366
-39.73050171,-4.30543308
-39.72913628,-4.30675736
-39.72718493,-4.3078862
-39.72650205,-4.30837684
-39.7258324,-4.31012138
-39.72615206,-4.31153679
-39.72635766,-4.31256412
-39.72649599,-4.31471035
-39.72658717,-4.31493861
-39.72689924,-4.3154323
-39.72668088,-4.31808956
-39.72668167,-4.3190029
-39.7271822,-4.31913947
-39.72831845,-4.31930184
-39.72929448,-4.31910491
-39.73036819,-4.31895688
-39.73124576,-4.31787806
-39.73173392,-4.31792659
-39.73236874,-4.31821997
-39.73234557,-4.31913495
-39.73232347,-4.31986564
-39.73189238,-4.32112187
-39.73196194,-4.32262882
-39.73191772,-4.3240902
-39.73255661,-4.326373
-39.73301301,-4.32806227
-39.7337652,-4.32984263
-39.73389523,-4.33208513
-39.73379817,-4.33267321
-39.73267729,-4.33453625
-39.73209282,-4.33585979
-39.72860945,-4.33868374
-39.72742797,-4.34023746
-39.72707059,-4.3415485
-39.72692514,-4.34257762
-39.72609677,-4.34409738
-39.72497482,-4.34488244
-39.72414482,-4.34468724
-39.72302222,-4.34478632
-39.72150939,-4.34517976
-39.71457896,-4.34626434
-39.71028455,-4.34749338
-39.70911349,-4.34798447
-39.70911404,-4.34857246
-39.7099891,-4.34961434
-39.71130937,-4.35070923
-39.71224337,-4.35230678
-39.71338204,-4.35383565
-39.71381492,-4.35463445
-39.71313344,-4.35573105
-39.71233827,-4.35689625
-39.7117476,-4.35778727
-39.71145366,-4.35986538
-39.71070408,-4.36114471
-39.71006797,-4.36210427
-39.71002322,-4.36297199
-39.71022886,-4.36404499
-39.71057097,-4.36509504
-39.71084464,-4.36591682
-39.71050428,-4.36692179
-39.71027788,-4.36817783
-39.71041546,-4.3694564
-39.71082591,-4.37062056
-39.71196487,-4.37244626
-39.71198863,-4.37363359
-39.71121593,-4.3744791
-39.70955654,-4.37589622
-39.70957976,-4.37669742
-39.70962917,-4.37733436
-39.70967854,-4.3779223
-39.71002112,-4.37885295
-39.71090197,-4.37975394
-39.71199386,-4.37973016
-39.71324414,-4.38012386
-39.7145628,-4.38080858
-39.71597938,-4.3817872
-39.71764031,-4.38305958
-39.72081341,-4.38315452
-39.72286281,-4.38227056
-39.72447112,-4.37957407
-39.72481245,-4.37918175
-39.72520302,-4.37923037
-39.7256916,-4.37967088
-39.72569221,-4.38030787
-39.72574235,-4.38167978
-39.72578208,-4.3830518
-39.72632931,-4.38451267
-39.72683152,-4.38649874
-39.72814151,-4.38912526
-39.72775321,-4.39142858
-39.72873195,-4.39392655
-39.73058887,-4.39588468
-39.73132245,-4.39725593
-39.73244608,-4.3981368
-39.73342274,-4.39847883
-39.73474141,-4.39911451
-39.73610894,-4.39979914
-39.73776946,-4.40058147
-39.7391369,-4.4011681
-39.74074726,-4.40057851
-39.74250407,-4.39998878
-39.74382152,-4.39939948
-39.74469919,-4.39836963
-39.7455773,-4.39778077
-39.74669978,-4.39748565
-39.74757822,-4.39723978
-39.74831041,-4.39719005
-39.74928693,-4.39738506
-39.75060574,-4.3981677
-39.75211973,-4.39885215
-39.7528035,-4.39919445
-39.75270769,-4.40100749
-39.75261134,-4.40228155
-39.75334496,-4.40365276
-39.75329713,-4.40463278
-39.75290813,-4.40615212
-39.75266532,-4.40742633
-39.75032325,-4.40855566
-39.74803024,-4.40869656
-39.74664332,-4.40951984
-39.7458941,-4.41116453
-39.74598223,-4.41223492
-39.74603281,-4.41399882
-39.7455462,-4.41556726
-39.74305876,-4.41782369
-39.74203462,-4.41885369
-39.74091308,-4.42012877
-39.74062076,-4.42071705
-39.74023095,-4.42145241
-39.73992125,-4.42233554
-39.73973975,-4.42288371
-39.73976314,-4.42359152
-39.73978666,-4.42443634
-39.74001498,-4.42534947
-39.74015236,-4.42633118
-39.74047205,-4.42765522
-39.73999573,-4.42920833
-39.73901839,-4.43019106
-39.73717655,-4.43115175
-39.73662934,-4.43248069
-39.73584955,-4.43380443
-39.73483642,-4.43455606
-39.73408706,-4.43608658
-39.73440654,-4.4371823
-39.73534056,-4.43859712
-39.73590351,-4.43899822
-39.73629508,-4.4400268
-39.7332698,-4.44154877
-39.73111161,-4.44138664
-39.73063458,-4.44258036
-39.72965797,-4.4440138
-39.72902173,-4.44485921
-39.72927333,-4.446366
-39.72951666,-4.44757933
-39.72971353,-4.44919609
-39.73049575,-4.45032228
-39.73296377,-4.45184269
-39.73362312,-4.45325908
-39.73323465,-4.45536641
-39.73260227,-4.45766997
-39.73294522,-4.4588946
-39.73309285,-4.46007041
-39.7335336,-4.46144193
-39.73353432,-4.46217691
-39.73348682,-4.46349992
-39.73270754,-4.46536265
-39.73109752,-4.46644222
-39.72904802,-4.46742424
-39.72826751,-4.46806199
-39.72680346,-4.46865143
-39.72543754,-4.46973075
-39.72573181,-4.47110243
-39.7267491,-4.47290078
-39.72680829,-4.47355129
-39.72656515,-4.4745315
-39.72641965,-4.47551162
-39.72417574,-4.47742479
-39.72280917,-4.47786713
-39.72097556,-4.47870569
-39.72066284,-4.4797312
-39.72095827,-4.48227884
-39.72218031,-4.48379659
-39.72457331,-4.4845292
-39.72569651,-4.48482208
-39.72677103,-4.485262
-39.72789413,-4.48545687
-39.72887091,-4.48579889
-39.73374599,-4.48652597
-39.73420274,-4.48842073
-39.73359,-4.49011096
-39.7339532,-4.49059565
-39.73409996,-4.49088949
-39.73468358,-4.4917768
-39.735412,-4.49218713
-39.73654368,-4.49348395
-39.73796008,-4.4940215
-39.73942485,-4.49411801
-39.7409382,-4.49396948
-39.74210939,-4.4934293
-39.74343695,-4.49255846
-39.74498658,-4.49014347
-39.7461086,-4.48926036
-39.74645065,-4.489554
-39.74659836,-4.49077881
-39.74635689,-4.49337597
-39.74679764,-4.49469847
-39.74919389,-4.49856688
-39.75236868,-4.49983756
-39.75525918,-4.500884
-39.7560322,-4.5015977
-39.75637543,-4.5030183
-39.7567185,-4.50429189
-39.75642658,-4.50527216
-39.75633015,-4.50644822
-39.75603812,-4.50733049
-39.75574594,-4.50806577
-39.75521005,-4.50919329
-39.75545715,-4.51208393
-39.75580023,-4.51335753
-39.75926941,-4.51595081
-39.76088355,-4.51879101
-39.76317904,-4.51952357
-39.76679516,-4.52250864
-39.76811475,-4.52378119
-39.76875137,-4.52559344
-39.76777721,-4.52779939
-39.76607181,-4.53108408
-39.76546902,-4.53212833
-39.76464472,-4.53371165
-39.76306906,-4.53484363
-39.75991591,-4.53537444
-39.75706358,-4.53635704
-39.75578817,-4.53741334
-39.7536117,-4.53847058
-39.75158478,-4.53892483
-39.75015965,-4.5404334
-39.74821029,-4.5432989
-39.74723506,-4.54420417
-39.74505824,-4.54495997
-39.74295535,-4.54458537
-39.738974,-4.54300701
-39.73774636,-4.54044503
-39.73632674,-4.54017489
-39.73231454,-4.53803174
-39.72865283,-4.53781602
-39.72535556,-4.53716263
-39.72252349,-4.53707064
-39.72057162,-4.53752472
-39.71881575,-4.53824361
-39.7154544,-4.53880738
-39.71506776,-4.53942881
-39.7120724,-4.53996823
-39.71191434,-4.53991416
-39.71127585,-4.53977156
-39.71062239,-4.53974239
-39.7099738,-4.53982753
-39.7093498,-4.54002441
-39.709354,-4.54004123
-39.70936843,-4.54014158
-39.70936529,-4.54024291
-39.70934465,-4.54034215
-39.70930716,-4.5404363
-39.70925394,-4.54052247
-39.70918662,-4.54059807
-39.70910725,-4.54066078
-39.70901822,-4.54070871
-39.70892226,-4.5407404
-39.70882227,-4.54075489
-39.7087213,-4.54075173
-39.7086224,-4.54073102
-39.70852859,-4.54069339
-39.70892202,-4.54188592
-39.70823545,-4.54194409
-39.70613078,-4.54187739
-39.70406964,-4.54144494
-39.70262996,-4.54193255
-39.6995026,-4.54389604
-39.6997786,-4.54464746
-39.69994408,-4.54552287
-39.69995557,-4.54641381
-39.69981271,-4.54729323
-39.69883363,-4.54858276
-39.69870424,-4.54857803
-39.6981612,-4.54861712
-39.69763318,-4.54875024
-39.69713621,-4.54897335
-39.6966854,-4.54927968
-39.69619566,-4.55049568
-39.69508885,-4.55242318
-39.69395652,-4.55407142
-39.69204138,-4.55546225
-39.69033124,-4.55901275
-39.69036487,-4.55921776
-39.69092067,-4.56260861
-39.69070968,-4.56467473
-39.68942035,-4.56530656
-39.68787064,-4.56524737
-39.68737405,-4.56560403
-39.68630913,-4.56708713
-39.68652858,-4.57174827
-39.68574853,-4.57322811
-39.68653254,-4.57650432
-39.68911725,-4.57759783
-39.69229763,-4.57883773
-39.69832921,-4.58243645
-39.70039544,-4.58429887
-39.70295695,-4.58595364
-39.70625151,-4.58879007
-39.71192374,-4.59319534
-39.71423704,-4.59431169
-39.71675881,-4.59745799
-39.71931939,-4.59811831
-39.72097175,-4.59890385
-39.72278956,-4.59997923
-39.72942128,-4.60026038
-39.73051544,-4.60217721
-39.73447753,-4.60660132
-39.73781098,-4.60989023
-39.75589496,-4.62060142
-39.75711723,-4.62301811
-39.76083252,-4.62600393
-39.76148716,-4.62653003
-39.76230624,-4.62643782
-39.76276075,-4.62588934
-39.76503457,-4.62433427
-39.76714839,-4.62209076
-39.7683133,-4.62031386
-39.76993194,-4.61909298
-39.77268567,-4.61892744
-39.77681768,-4.61997949
-39.78030243,-4.62168243
-39.78751388,-4.62411269
-39.79180837,-4.62557085
-39.79578032,-4.62778948
-39.79932558,-4.62951833
-39.80159074,-4.63042451
-39.80270427,-4.63059627
-39.80482736,-4.63050509
-39.80677372,-4.63059164
-39.80872129,-4.6317434
-39.80943003,-4.63263027
-39.80943124,-4.63369549
-39.80916897,-4.6364476
-39.80855202,-4.63848997
-39.80873088,-4.64017635
-39.80827401,-4.64169261
-39.80634679,-4.64417364
-39.80422416,-4.64470867
-39.80175918,-4.64465278
-39.8005089,-4.64506798
-39.80020869,-4.64693101
-39.79962892,-4.64924108
-39.79812815,-4.65208336
-39.79450708,-4.65759109
-39.79330718,-4.65960278
-39.79185656,-4.66078974
-39.79026498,-4.66159045
-39.78814248,-4.66230298
-39.78761235,-4.66292495
-39.78752526,-4.6641678
-39.78779731,-4.67011498
-39.78797901,-4.67437566
-39.78842445,-4.67712697
-39.79117357,-4.68289381
-39.80002986,-4.6907841
-39.8039282,-4.69557309
-39.80481641,-4.69859017
-39.80499621,-4.70107547
-39.80605873,-4.70178438
-39.80720921,-4.70204935
-39.80925104,-4.70192282
-39.81526169,-4.70310519
-39.81818292,-4.70443328
-39.8197789,-4.70736073
-39.82287951,-4.71073024
-39.82606601,-4.71188043
-39.82845738,-4.714008
-39.83155574,-4.71542458
-39.83412039,-4.71444507
-39.83960623,-4.71470476
-39.85260975,-4.71595807
-39.85579939,-4.71637157
-39.862525,-4.71714373
-39.86833187,-4.71826001
-39.87209614,-4.72090681
-39.87332127,-4.72518848
-39.87383015,-4.72569775
-39.87454221,-4.72610478
-39.87545576,-4.72508381
-39.87677591,-4.72406233
-39.88104449,-4.72354701
-39.88429607,-4.72262505
-39.88917204,-4.72017127
-39.89159677,-4.71903223
-39.89272814,-4.71894294
-39.8940502,-4.71945114
-39.89527284,-4.72169314
-39.89842719,-4.72423858
-39.90167939,-4.72382643
-39.90452724,-4.72514847
-39.90595057,-4.72535057
-39.9087975,-4.72595873
-39.91011945,-4.72636491
-39.91266544,-4.73003285
-39.91388683,-4.731255
-39.91460305,-4.73482336
-39.91592502,-4.73522954
-39.91856816,-4.73542999
-39.92039703,-4.73481568
-39.92371436,-4.73266359
-39.925879,-4.72950541
-39.92729949,-4.7275659
-39.92831461,-4.72654474
-39.92933053,-4.72613546
-39.93055084,-4.72654174
-39.93238131,-4.72715116
-39.93411013,-4.72776071
-39.9355351,-4.7291865
-39.93440631,-4.73204807
-39.93157834,-4.73702868
-39.93122687,-4.73916206
-39.93099516,-4.74077034
-39.93069965,-4.74236214
-39.93159001,-4.74573804
-39.93283329,-4.74804702
-39.9342547,-4.75106671
-39.93691968,-4.75657311
-39.93869259,-4.7574594
-39.94223551,-4.75709908
-39.94577673,-4.75549455
-39.94741022,-4.75417988
-39.95108645,-4.75157693
-39.95409562,-4.74961761
-39.95728243,-4.74801353
-39.96348229,-4.74729393
-39.96986003,-4.74710726
-39.97606184,-4.74780947
-39.97942799,-4.7478047
-39.98456705,-4.74868609
-39.98899291,-4.74636914
-39.99341821,-4.74369669
-39.99642771,-4.74209271
-39.99837523,-4.7412012
-40.00121368,-4.73999412
-40.006165,-4.73745738
-40.00771256,-4.73768231
-40.00981621,-4.73767924
-40.01211082,-4.73748402
-40.01459555,-4.73652106
-40.01612281,-4.73469612
-40.01908547,-4.73363652
-40.02176225,-4.73324884
-40.02367563,-4.73391754
-40.02415556,-4.73516393
-40.02387025,-4.7362196
-40.02339766,-4.73996162
-40.02416855,-4.74398959
-40.02493578,-4.74552335
-40.02713875,-4.74801429
-40.02790585,-4.74945211
-40.02876986,-4.75175317
-40.02934601,-4.75338314
-40.03020789,-4.75424523
-40.03240734,-4.75433787
-40.03508661,-4.75558095
-40.03881443,-4.75461603
-40.04254322,-4.75443609
-40.04435919,-4.75374427
-40.04741833,-4.75448328
-40.05239081,-4.75334833
-40.05755259,-4.75218927
-40.06204765,-4.75275793
-40.06481977,-4.75217808
-40.0661589,-4.7524638
-40.06778623,-4.75361244
-40.07113624,-4.75471238
-40.08328485,-4.75876844
-40.0862509,-4.75991491
-40.08883538,-4.76163755
-40.08989281,-4.76518526
-40.08951395,-4.76748816
-40.09085629,-4.76978833
-40.09363374,-4.77256586
-40.0968878,-4.77438331
-40.10039505,-4.7760433
-40.1047333,-4.77715266
-40.10721595,-4.7749423
-40.10874607,-4.77503575
-40.11027649,-4.77532106
-40.11238003,-4.77522173
-40.11537309,-4.77449877
-40.11704501,-4.77232089
-40.1183259,-4.77212106
-40.11931433,-4.77389912
-40.11938222,-4.7749744
-40.1191201,-4.77567911
-40.12060164,-4.7776541
-40.11991076,-4.77954515
-40.1181573,-4.78282476
-40.11464135,-4.78383872
-40.1131387,-4.78686585
-40.11088186,-4.78964215
-40.10862744,-4.79393078
-40.10536592,-4.79696076
-40.10185593,-4.80175554
-40.10211327,-4.80553599
-40.09751519,-4.81060294
-40.09328163,-4.81356226
-40.09010686,-4.81604747
-40.08940104,-4.8164029
-40.0890501,-4.81782067
-40.08811314,-4.82089278
-40.08577127,-4.82892737
-40.08436429,-4.83259074
-40.08260053,-4.83401077
-40.08012961,-4.83495952
-40.07471289,-4.83437762
-40.07141428,-4.83308374
-40.06906218,-4.83474087
-40.06682984,-4.83769692
-40.06753847,-4.83911302
-40.0682473,-4.84064721
-40.06825156,-4.84336354
-40.07002336,-4.84702187
-40.07155282,-4.84631084
-40.07275613,-4.84350901
-40.07429763,-4.84406943
-40.07913014,-4.84582627
-40.08111591,-4.84654818
-40.09590608,-4.85192475
-40.10319409,-4.852417
-40.09892678,-4.8551966
-40.09642208,-4.86024183
-40.0941715,-4.86705106
-40.09392428,-4.86957205
-40.09468019,-4.87083111
-40.09996383,-4.87485542
-40.10600883,-4.88341544
-40.10601668,-4.88820451
-40.107301,-4.89160349
-40.10871703,-4.89349074
-40.11055162,-4.8952546
-40.11558174,-4.8977668
-40.12187091,-4.90178918
-40.12201409,-4.90375343
-40.12214255,-4.90551571
-40.12889276,-4.91825775
-40.12889634,-4.92038352
-40.12830919,-4.9213293
-40.12842953,-4.92286438
-40.12943434,-4.92421024
-40.13043463,-4.92486865
-40.13196855,-4.92675562
-40.13144023,-4.92935263
-40.1311517,-4.93112665
-40.1329063,-4.93311104
-40.13351269,-4.93466558
-40.13514103,-4.93710437
-40.13693568,-4.93950175
-40.13741111,-4.9420991
-40.13727792,-4.94280962
-40.1375343,-4.94528754
-40.13648219,-4.94977708
-40.13519034,-4.95178696
-40.13248585,-4.95403547
-40.13189969,-4.95557175
-40.13249148,-4.95734221
-40.13378939,-4.95887526
-40.13426403,-4.96100022
-40.13462012,-4.96265298
-40.13532866,-4.96383274
-40.13745068,-4.96524627
-40.13992515,-4.96618678
-40.144048,-4.96700633
-40.14995783,-4.97076579
-40.15412657,-4.96941988
-40.15687553,-4.96715615
-40.15874,-4.96617629
-40.16018727,-4.96517906
-40.16262673,-4.96438514
-40.16507356,-4.96468183
-40.16621277,-4.96379317
-40.16612637,-4.95927901
-40.16645231,-4.95768531
-40.16550303,-4.95368203
-40.16671845,-4.94977777
-40.16632525,-4.94816812
-40.16551861,-4.94560699
-40.16584203,-4.94366961
-40.16668195,-4.94326222
-40.1695247,-4.94291819
-40.17083213,-4.94303507
-40.17430939,-4.94374405
-40.17534801,-4.94305688
-40.17682398,-4.94190666
-40.17796033,-4.94186036
-40.17897119,-4.94227572
-40.18107918,-4.94149725
-40.182238,-4.94158458
-40.18384325,-4.94211806
-40.18470614,-4.94286144
-40.18626876,-4.94432334
-40.18824457,-4.94455353
-40.19043558,-4.94475945
-40.19435238,-4.94119554
-40.19638503,-4.93671909
-40.19852766,-4.93200037
-40.20107238,-4.93144378
-40.20312436,-4.92996812
-40.205826,-4.93066976
-40.20929025,-4.93107561
-40.21138355,-4.93035101
-40.21604093,-4.93094553
-40.22014811,-4.92981933
-40.22484339,-4.9292808
-40.22800697,-4.9258012
-40.23222933,-4.92349719
-40.23668537,-4.92060394
-40.24084634,-4.91688695
-40.24505901,-4.91460081
-40.24946459,-4.91104204
-40.25304479,-4.91074095
-40.25668247,-4.90979208
-40.25797047,-4.90796447
-40.25873225,-4.90725652
-40.26125437,-4.90619198
-40.27439922,-4.9029253
-40.2791736,-4.9018682
-40.28579161,-4.90225473
-40.28977654,-4.90489867
-40.29845306,-4.90940742
-40.30047498,-4.91115018
-40.3018999,-4.9111871
-40.30375973,-4.91098498
-40.30600941,-4.90772537
-40.30877034,-4.90279745
-40.31011431,-4.90192147
-40.31517172,-4.8975051
-40.31572403,-4.89659097
-40.31635815,-4.89559722
-40.3168194,-4.89278741
-40.31728248,-4.8909139
-40.31797877,-4.8889619
-40.31955116,-4.88351478
-40.32045504,-4.8823249
-40.32259272,-4.88030192
-40.32838009,-4.87754975
-40.3300124,-4.87692232
-40.3308676,-4.87668655
-40.33311759,-4.87371715
-40.34129095,-4.86959342
-40.34298444,-4.86761161
-40.35961462,-4.85961979
-40.36272615,-4.85969153
-40.36528927,-4.85781378
-40.36811161,-4.85606059
-40.37226284,-4.85400236
-40.3778255,-4.85124429
-40.38308906,-4.85153566
-40.38674469,-4.85145014
-40.39320272,-4.85245114
-40.40043682,-4.85259222
-40.40712561,-4.85234425
-40.41634554,-4.85121094
-40.43487506,-4.84346942
-40.43627378,-4.84284228
-40.44309776,-4.83307512
-40.44527226,-4.83151006
-40.45164925,-4.83110634
-40.45618341,-4.83011055
-40.46296864,-4.82706799
-40.46571115,-4.8258382
-40.46710862,-4.82249083
-40.4665353,-4.81954039
-40.46577926,-4.81537834
-40.4656098,-4.81266349
-40.46692865,-4.81110024
-40.46902892,-4.81125175
-40.47306227,-4.81488217
-40.4795434,-4.81809474
-40.4881016,-4.81940239
-40.49945201,-4.81719291
-40.50489831,-4.81811711
-40.51179429,-4.82152453
-40.51424043,-4.82223136
-40.51890657,-4.8220649
-40.52216842,-4.8199511
-40.52319809,-4.81740181
-40.52504756,-4.81046334
-40.52729602,-4.80007739
-40.53003666,-4.79091068
-40.53135251,-4.78809908
-40.53529052,-4.78368747
-40.53826442,-4.78026807
-40.5412985,-4.77835622
-40.54548412,-4.77800303
-40.54813516,-4.77853132
-40.55382155,-4.78516177
-40.55907842,-4.79165028
-40.55994269,-4.79355415
-40.56147703,-4.80021818
-40.56300962,-4.81183776
-40.56469677,-4.82050091
-40.56836924,-4.82458642
-40.57253387,-4.82605294
-40.58162017,-4.82603183
-40.58291405,-4.82507933
-40.58997098,-4.82499169
-40.59751887,-4.82049992
-40.59813798,-4.82013349
-40.60661717,-4.81844733
-40.61355908,-4.81566397
-40.61586194,-4.81309729
-40.61776375,-4.80896657
-40.61752838,-4.80711335
-40.61806463,-4.80595346
-40.61875815,-4.80618354
-40.62029938,-4.80672056
-40.62163936,-4.80585348
-40.62310089,-4.80507719
-40.62354334,-4.80486764
-40.62532184,-4.8024384
-40.62923052,-4.80027353
-40.62994238,-4.79991034
-40.62997838,-4.79971705
-40.62802409,-4.79539844
-40.62824455,-4.79320059
-40.6290415,-4.79109171
-40.62957823,-4.78967142
-40.63731064,-4.77623293
-40.6357725,-4.77346912
-40.63721932,-4.76968782
-40.63613401,-4.76593831
-40.63665495,-4.76486083
-40.63670337,-4.76474723
-40.63677072,-4.76464379
-40.63685495,-4.76455365
-40.6369535,-4.76447956
-40.63706338,-4.76442376
-40.63718125,-4.76438795
-40.63730353,-4.76437322
-40.6374265,-4.76438001
-40.63754643,-4.76440813
-40.63765967,-4.7644567
-40.63776278,-4.76452427
-40.63785262,-4.76460877
-40.63792648,-4.76470764
-40.6379821,-4.76481788
-40.63801779,-4.76493613
-40.6380241,-4.76497045
-40.63850012,-4.7640991
-40.6380555,-4.76089661
-40.64220744,-4.75438236
-40.64210808,-4.75177628
-40.64223915,-4.75040007
-40.64341858,-4.74845061
-40.64546522,-4.74706316
-40.6474874,-4.74564009
-40.64783344,-4.74539124
-40.64852787,-4.74174992
-40.64652623,-4.73688223
-40.64733921,-4.73452211
-40.64900013,-4.73328043
-40.64867563,-4.73262673
-40.64824292,-4.73203949
-40.64771515,-4.73153655
-40.64710834,-4.73113321
-40.64644094,-4.7308417
-40.64573322,-4.73067089
-40.6450067,-4.73062598
-40.64428343,-4.73070831
-40.6435854,-4.7309154
-40.6433122,-4.73103468
-40.64340984,-4.72631981
-40.6463776,-4.72042769
-40.65329207,-4.71465903
-40.65475886,-4.71009957
-40.65754737,-4.7051693
-40.65882347,-4.70479863
-40.65650925,-4.70183159
-40.65639137,-4.70073348
-40.65766115,-4.69855486
-40.6539983,-4.69476864
-40.65552235,-4.69355034
-40.6547603,-4.69087535
-40.65591532,-4.68849117
-40.65989706,-4.68674858
-40.66035989,-4.68634791
-40.66350253,-4.6838574
-40.66737144,-4.68096961
-40.67062103,-4.68030946
-40.683976,-4.69087888
-40.68937128,-4.69067324
-40.69317905,-4.68706462
-40.70103214,-4.68344617
-40.7050008,-4.68328334
-40.71000042,-4.68468888
-40.71538334,-4.68410035
-40.7193486,-4.68255897
-40.72079151,-4.67956874
-40.72022397,-4.67596622
-40.72260183,-4.6707574
-40.7229609,-4.66726192
-40.72767559,-4.66171551
-40.72875457,-4.65864241
-40.7286717,-4.65596226
-40.72614649,-4.65328811
-40.72346772,-4.65023141
-40.72360288,-4.64303241
-40.7253449,-4.63751428
-40.72709583,-4.63567205
-40.72976261,-4.63382757
-40.73403229,-4.63205573
-40.73983696,-4.63380283
-40.74533673,-4.63570379
-40.74922945,-4.63584732
-40.75823865,-4.63720339
-40.76312295,-4.63711463
-40.7680099,-4.63809795
-40.77975968,-4.63669
-40.7858631,-4.63583222
-40.7892142,-4.6330669
-40.79150383,-4.63168862
-40.79355779,-4.63045221
-40.79464212,-4.6285134
-40.79446569,-4.62731018
-40.79530055,-4.62547017
-40.80049439,-4.6271417
-40.80676367,-4.63156726
-40.80981832,-4.63232523
-40.8108087,-4.63163349
-40.81217988,-4.63063446
-40.81324754,-4.63032541
-40.81721603,-4.63031522
-40.81850716,-4.62786142
-40.81827528,-4.62671335
-40.8175905,-4.62598113
-40.81576283,-4.62527766
-40.81424599,-4.62609141
-40.81270182,-4.62580871
-40.81177843,-4.62282453
-40.81048364,-4.62132096
-40.81007228,-4.61898282
-40.81320528,-4.61541518
-40.81481766,-4.61174972
-40.81683313,-4.6071679
-40.81936336,-4.60573757
-40.8208816,-4.60492006
-40.82067113,-4.60186949
-40.81741534,-4.59734897
-40.81516392,-4.59462824
-40.81195698,-4.58776094
-40.81052851,-4.58343777
-40.80874715,-4.57970819
-40.8092167,-4.57852157
-40.81033595,-4.57733331
-40.81198754,-4.57644006
-40.81546818,-4.57477165
-40.81688155,-4.57310847
-40.81911628,-4.56925018
-40.81976299,-4.56806312
-40.81958326,-4.56705597
-40.81828072,-4.56581458
-40.81183131,-4.56126702
-40.810764,-4.55961012
-40.80993266,-4.55783407
-40.81002053,-4.55356733
-40.80601702,-4.5508499
-40.80447459,-4.54812728
-40.8034664,-4.5464702
-40.80310009,-4.54167012
-40.80227017,-4.53921739
-40.80108109,-4.53728907
-40.7979974,-4.53225866
-40.79811201,-4.53083586
-40.79792562,-4.52938122
-40.79698093,-4.52822166
-40.79637342,-4.52747597
-40.79597629,-4.5269885
-40.79779958,-4.52390184
-40.79934563,-4.51955183
-40.79937902,-4.51773365
-40.79875681,-4.51663481
-40.79783921,-4.51601859
-40.79689104,-4.51471697
-40.79688287,-4.51139776
-40.7956319,-4.50730337
-40.79444341,-4.49699429
-40.7919065,-4.4901907
-40.79189132,-4.4839646
-40.79458928,-4.47734271
-40.79438357,-4.47247905
-40.79184684,-4.46567542
-40.78989127,-4.45867578
-40.78812211,-4.44856259
-40.78654691,-4.4384489
-40.79001425,-4.42929583
-40.79292659,-4.42386928
-40.7904515,-4.41038862
-40.79209322,-4.40166633
-40.78773195,-4.39385516
-40.78370403,-4.38411064
-40.77812294,-4.3811747
-40.7772038,-4.38069117
-40.77489538,-4.37781893
-40.77423147,-4.36856886
-40.77143984,-4.36221415
-40.76385306,-4.3505578
-40.76810376,-4.34471072
-40.7676998,-4.33770715
-40.76206478,-4.33168864
-40.75798046,-4.32566645
-40.75428119,-4.31847589
-40.75523915,-4.31360939
-40.76084884,-4.30873211
-40.75792989,-4.30368002
-40.75480916,-4.29512608
-40.75479893,-4.29065096
-40.75381387,-4.28364864
-40.75728792,-4.2772198
-40.75785917,-4.27274335
-40.7599663,-4.26184252
-40.7642124,-4.25404994
-40.76304027,-4.24996664
-40.75915618,-4.24647324
-40.75140169,-4.24551805
-40.74500297,-4.24417055
-40.7443881,-4.24271075
-40.74285974,-4.2391165
-40.74129449,-4.23250454
-40.74093362,-4.22457215
-40.73951024,-4.22348988
-40.73895345,-4.22314999
-40.737003,-4.22120052
-40.73672381,-4.22067392
-40.73616544,-4.21962071
-40.73609271,-4.21468975
-40.73602698,-4.21076613
-40.73322298,-4.20730344
-40.7329337,-4.20703063
-40.732696,-4.20671153
-40.7325171,-4.20635583
-40.73240244,-4.20597435
-40.7323555,-4.20557868
-40.73237771,-4.20518084
-40.73246839,-4.20479291
-40.73262479,-4.20442668
-40.73284215,-4.20409328
-40.73311388,-4.20380285
-40.73343171,-4.2035642
-40.73345481,-4.20355001
-40.7281702,-4.19937884
-40.7267868,-4.19244224
-40.7244614,-4.19255423
-40.72389453,-4.19252077
-40.72334206,-4.19238898
-40.72282077,-4.19216288
-40.72234652,-4.19184932
-40.72193369,-4.19145785
-40.72159485,-4.19100035
-40.72134038,-4.19049098
-40.71881034,-4.19009919
-40.71833337,-4.18842783
-40.72264596,-4.18463294
-40.72159896,-4.18307542
-40.71921797,-4.18258449
-40.71695806,-4.1816859
-40.7148879,-4.18040694
-40.71462621,-4.18020692
-40.71484676,-4.1779401
-40.71467191,-4.17566927
-40.71410698,-4.17346343
-40.71322214,-4.1714849
-40.71395644,-4.16699955
-40.71026721,-4.16349361
-40.71578716,-4.16045543
-40.71566894,-4.15978576
-40.7154367,-4.15914687
-40.71509749,-4.15855818
-40.71466163,-4.15803757
-40.71414235,-4.15760087
-40.7136705,-4.15731742
-40.71418959,-4.15697987
-40.71464242,-4.15655694
-40.71501522,-4.15606149
-40.71529667,-4.15550857
-40.71547822,-4.15491498
-40.71555435,-4.15429875
-40.71554349,-4.15386329
-40.71340301,-4.15170945
-40.71342726,-4.15035905
-40.71516529,-4.14523393
-40.7169755,-4.141989
-40.71811464,-4.13995684
-40.71813787,-4.13990537
-40.71851895,-4.13958534
-40.71894958,-4.13933662
-40.71941669,-4.13916676
-40.71990608,-4.13908093
-40.72040287,-4.13908173
-40.72089198,-4.13916913
-40.72135855,-4.13934048
-40.72178839,-4.13959058
-40.72196431,-4.13972522
-40.72403721,-4.14110077
-40.72624915,-4.14037073
-40.72610472,-4.13975156
-40.72606956,-4.13911661
-40.72614475,-4.13848518
-40.726328,-4.13787645
-40.72661374,-4.13730891
-40.72699329,-4.13679982
-40.72745511,-4.13636464
-40.72798518,-4.1360166
-40.72830556,-4.13586395
-40.73072017,-4.13744585
-40.73235903,-4.13969066
-40.73165226,-4.13980434
-40.73340579,-4.1414084
-40.74268092,-4.14423704
-40.74463918,-4.14588353
-40.75052821,-4.13833666
-40.75076373,-4.13793169
-40.75092563,-4.13749182
-40.75100899,-4.13703039
-40.7510113,-4.13656145
-40.75093246,-4.13609922
-40.75077489,-4.13565777
-40.75054336,-4.13525049
-40.75024492,-4.13488977
-40.75023548,-4.13488025
-40.75082906,-4.13401113
-40.75710006,-4.13168313
-40.76694857,-4.13052609
-40.77385748,-4.12840464
-40.77841454,-4.13021743
-40.77934788,-4.13143143
-40.78388513,-4.13029165
-40.7915427,-4.13162685
-40.80079792,-4.13088078
-40.80542755,-4.12841352
-40.80545809,-4.1279392
-40.80557019,-4.12747741
-40.80576045,-4.12704218
-40.80602309,-4.12664674
-40.80635013,-4.1263031
-40.80673162,-4.12602171
-40.80715599,-4.1258111
-40.80761033,-4.12567769
-40.80780083,-4.12564649
-40.80787127,-4.12354092
-40.81046935,-4.12397834
-40.81377592,-4.12247102
-40.81450436,-4.12183724
-40.8167188,-4.11991053
-40.82298914,-4.11774235
-40.82545262,-4.11589088
-40.82700473,-4.11364944
-40.82987804,-4.11223322
-40.83003843,-4.11136366
-40.83630687,-4.11104927
-40.83548934,-4.10786719
-40.837292,-4.10576332
-40.84791598,-4.10314145
-40.84846425,-4.10181453
-40.84685149,-4.09595397
-40.84772057,-4.0928193
-40.85216909,-4.08858947
-40.85765336,-4.07355808
-40.85681143,-4.07211542
-40.85378153,-4.07062488
-40.85368491,-4.07024208
-40.85365596,-4.06984826
-40.85369555,-4.06945536
-40.85380248,-4.06907534
-40.85397351,-4.06871974
-40.85420343,-4.06839936
-40.85448525,-4.06812394
-40.8546273,-4.0680166
-40.85369421,-4.06657384
-40.84923132,-4.0621066
-40.84899658,-4.06225802
-40.84873922,-4.0623662
-40.84846707,-4.06242786
-40.84818839,-4.06244113
-40.84791165,-4.0624056
-40.84764525,-4.06232236
-40.8473973,-4.06219393
-40.84717533,-4.06202421
-40.84698607,-4.06181836
-40.8468842,-4.06166948
-40.84782174,-4.05846623
-40.84381611,-4.05260327
-40.84395442,-4.05100132
-40.84421904,-4.05104762
-40.84448765,-4.05104707
-40.84475209,-4.0509997
-40.84500431,-4.05090693
-40.84523666,-4.05077158
-40.84544208,-4.05059778
-40.84561432,-4.0503908
-40.84574815,-4.05015693
-40.8458395,-4.04990327
-40.84588561,-4.04963754
-40.84588507,-4.04936781
-40.84583788,-4.04910227
-40.8458252,-4.04905777
-40.84974752,-4.04677292
-40.84897746,-4.04544479
-40.84798945,-4.04427112
-40.84681349,-4.04328756
-40.84548532,-4.042524
-40.84404529,-4.04200364
-40.84378093,-4.04193793
-40.84401717,-4.03344711
-40.84281473,-4.02788439
-40.84598871,-4.02173097
-40.84945481,-4.01976614
-40.84952565,-4.01724866
-40.84586496,-4.00861665
-40.84117075,-4.00803975
-40.83900701,-4.00671012
-40.83791619,-4.00361927
-40.8383963,-4.00210921
-40.83937681,-4.0015838
-40.83908113,-4.00098844
-40.83770566,-3.99975848
-40.83745596,-3.99893325
-40.8388248,-3.9989812
-40.84012495,-3.99918942
-40.84126568,-3.9992141
-40.84208875,-3.99809266
-40.84306987,-3.99804835
-40.84432478,-3.99800447
-40.84478189,-3.99747819
-40.84555806,-3.99718153
-40.8460158,-3.99624283
-40.84585784,-3.99509697
-40.84506121,-3.99385847
-40.84444611,-3.9932618
-40.84259968,-3.99222789
-40.84070804,-3.99091895
-40.83984237,-3.99006985
-40.8393646,-3.98919843
-40.83925165,-3.98846506
-40.83936965,-3.98592197
-40.84004739,-3.98295623
-40.84088858,-3.97911423
-40.84286524,-3.9764075
-40.84482794,-3.9753735
-40.84638093,-3.97483035
-40.84854935,-3.9723187
-40.84975028,-3.96924317
-40.84958097,-3.9655238
-40.84779558,-3.9592204
-40.84706591,-3.95695784
-40.84593205,-3.9539684
-40.84640942,-3.95137968
-40.84704944,-3.94951837
-40.84776765,-3.94660566
-40.84864921,-3.94474382
-40.84966058,-3.94324292
-40.84663064,-3.94106973
-40.8409507,-3.93775898
-40.83668791,-3.93397027
-40.82675463,-3.93114353
-40.8182426,-3.92973786
-40.80736695,-3.92833722
-40.80263973,-3.92834747
-40.79885083,-3.92503222
-40.79363266,-3.91649742
-40.78794493,-3.90938789
-40.78036644,-3.9022823
-40.77232233,-3.89850107
-40.76143606,-3.89187696
-40.7576514,-3.89046051
-40.75102654,-3.8871508
-40.74912688,-3.88288162
-40.74911419,-3.87670935
-40.74626236,-3.86911858
-40.74152562,-3.86438041
-40.73867588,-3.85773914
-40.74055026,-3.84966379
-40.74161477,-3.84534949
-40.74204256,-3.84448379
-40.74312058,-3.84322545
-40.74797316,-3.84014857
-40.74725388,-3.83932693
-40.74572846,-3.83686765
-40.74497189,-3.83514498
-40.74339561,-3.83254937
-40.74120285,-3.82947534
-40.73943127,-3.82782967
-40.73854561,-3.82707027
-40.73683802,-3.82583678
-40.73469636,-3.82526376
-40.73303169,-3.82485785
-40.731758,-3.82468989
-40.72839892,-3.8241454
-40.72669718,-3.82401796
-40.72194138,-3.82305548
-40.72136001,-3.82298182
-40.71947363,-3.82292883
-40.71693304,-3.82316787
-40.71593133,-3.82316988
-40.71524316,-3.8231478
-40.71479677,-3.82314169
-40.71255228,-3.822972
-40.71187318,-3.82299042
-40.71108534,-3.82270075
-40.71049112,-3.82200835
-40.71029541,-3.82179856
-40.70991796,-3.82161295
-40.70268259,-3.82362632
-40.69038796,-3.82127668
-40.67762155,-3.81940257
-40.67657632,-3.81940461
-40.67055132,-3.81804481
-40.66603222,-3.81684375
-40.66301755,-3.81503481
-40.66181279,-3.81488591
-40.6578819,-3.81662628
-40.65114145,-3.81470588
-40.64344195,-3.81356022
-40.63696786,-3.8135726
-40.63561195,-3.81312148
-40.63500743,-3.81191275
-40.63478035,-3.80886846
-40.63572919,-3.80621164
-40.63709727,-3.80238092
-40.6367933,-3.80086914
-40.6355857,-3.79920784
-40.63077695,-3.79432754
-40.62745212,-3.78578702
-40.62034505,-3.77677872
-40.6168687,-3.77353289
-40.61339896,-3.76975842
-40.61219062,-3.76764334
-40.61142092,-3.76280657
-40.61096702,-3.75721021
-40.6099076,-3.75418741
-40.60755294,-3.75213628
-40.60176482,-3.74709422
-40.5937749,-3.74121053
-40.5884939,-3.73471684
-40.58684814,-3.7304882
-40.58290674,-3.72535009
-40.57886671,-3.7214536
-40.57567284,-3.72112838
-40.5729608,-3.71992331
-40.57130101,-3.71780891
-40.57023888,-3.71312234
-40.56586765,-3.7101053
-40.56044155,-3.70648513
-40.55805558,-3.70363207
-40.5554169,-3.70044037
-40.55481291,-3.70011078
-40.54888469,-3.69797192
-40.54784432,-3.69798935
-40.5446039,-3.6968221
-40.54100355,-3.69653727
-40.53694006,-3.69730056
-40.53543458,-3.69730317
-40.53412803,-3.69783232
-40.53387753,-3.69753709
-40.53407783,-3.69624682
-40.5361509,-3.69133779
-40.53631934,-3.68967393
-40.53660297,-3.68858351
-40.53585831,-3.68720806
-40.53494303,-3.68623445
-40.53305765,-3.6856067
-40.53140038,-3.68480646
-40.5294982,-3.6850548
-40.52905869,-3.68466979
-40.52951412,-3.68366242
-40.52974095,-3.6827442
-40.52933714,-3.68033558
-40.52796421,-3.67884646
-40.52647825,-3.67804591
-40.52476243,-3.67638528
-40.52384796,-3.67587056
-40.5226476,-3.67512687
-40.52317066,-3.67382319
-40.52305927,-3.6728314
-40.52229859,-3.67134139
-40.51970517,-3.66815275
-40.51942791,-3.66638969
-40.51980539,-3.66253132
-40.51914128,-3.6590605
-40.51683405,-3.65708044
-40.51496474,-3.65454853
-40.51380845,-3.65196029
-40.51369699,-3.65091338
-40.51522903,-3.64859615
-40.5159956,-3.64776819
-40.5167606,-3.64600336
-40.51807303,-3.64357628
-40.51911183,-3.64153544
-40.52420735,-3.63845177
-40.5299216,-3.63662813
-40.53704142,-3.63560825
-40.5410508,-3.63398902
-40.54285488,-3.63317974
-40.54395752,-3.63277476
-40.54587458,-3.63264313
-40.54947517,-3.63336991
-40.55148293,-3.63437417
-40.55499109,-3.6329573
-40.55749621,-3.63154216
-40.55909792,-3.62972548
-40.56059621,-3.62609509
-40.56289846,-3.62337025
-40.56329396,-3.62004409
-40.56298925,-3.61782763
-40.56338786,-3.61631536
-40.56428814,-3.61490299
-40.5628805,-3.61288998
-40.5613736,-3.61148177
-40.56144711,-3.60835716
-40.56162396,-3.60763733
-40.56154193,-3.60651077
-40.56093919,-3.60534487
-40.56047601,-3.60531257
-40.56021842,-3.60542659
-40.55885631,-3.60518749
-40.55749563,-3.60579342
-40.55681337,-3.60585887
-40.55641475,-3.60607696
-40.55505454,-3.60696456
-40.55369666,-3.6092203
-40.55273702,-3.61014745
-40.5516785,-3.61033971
-40.55001372,-3.6102326
-40.54793014,-3.60967281
-40.54700734,-3.60870863
-40.54648281,-3.60641587
-40.54611739,-3.60347901
-40.54539553,-3.60291688
-40.54455414,-3.60271712
-40.54403291,-3.60310436
-40.54299319,-3.60332337
-40.54151099,-3.60312469
-40.53962835,-3.60296693
-40.53698258,-3.60152278
-40.5346956,-3.59907202
-40.53174673,-3.59931175
-40.52986561,-3.6021158
-40.52765295,-3.60277856
-40.52511231,-3.60344187
-40.52268946,-3.60311047
-40.51846839,-3.60188781
-40.51469854,-3.60296504
-40.51101027,-3.60379499
-40.50690849,-3.60248374
-40.50453017,-3.60215816
-40.50395555,-3.60174722
-40.50288304,-3.59771238
-40.50206231,-3.59721946
-40.50148877,-3.59746755
-40.49959695,-3.59852762
-40.4977197,-3.59903899
-40.49591587,-3.59904196
-40.49294149,-3.60089996
-40.49157577,-3.60242669
-40.48977341,-3.60333583
-40.48567443,-3.60375446
-40.48329836,-3.60482929
-40.47838435,-3.60829731
-40.47297608,-3.61036564
-40.47118706,-3.61108063
-40.47002522,-3.61094711
-40.46895731,-3.60971312
-40.46870868,-3.60806591
-40.46919945,-3.60732368
-40.47068901,-3.60684
-40.4727236,-3.60632939
-40.4752589,-3.6022886
-40.47600189,-3.60141092
-40.47541811,-3.59932263
-40.47352817,-3.59677189
-40.47188646,-3.59562122
-40.47106138,-3.5924097
-40.46745751,-3.58928498
-40.46655209,-3.58765366
-40.46655036,-3.58656515
-40.46678777,-3.58615563
-40.46757042,-3.58598336
-40.46867294,-3.58574068
-40.47268699,-3.58350992
-40.47653822,-3.58202084
-40.4805542,-3.58102577
-40.48176649,-3.58056676
-40.48260213,-3.57986911
-40.48338396,-3.5786267
-40.48366297,-3.57673693
-40.48472435,-3.57393427
-40.48758963,-3.57121105
-40.4904545,-3.5682407
-40.49192845,-3.56708498
-40.49282861,-3.56601257
-40.4916793,-3.56510826
-40.49036654,-3.56453373
-40.48798898,-3.56461997
-40.48151075,-3.56397141
-40.47675088,-3.56117814
-40.47251129,-3.55830844
-40.47092438,-3.55789225
-40.47010344,-3.55723452
-40.46968906,-3.55443422
-40.4699332,-3.5532805
-40.47369542,-3.54742543
-40.47608236,-3.54536305
-40.47779118,-3.5451122
-40.47902021,-3.54461595
-40.48024768,-3.54313112
-40.48114614,-3.54098778
-40.48081544,-3.53925832
-40.48089337,-3.53670439
-40.48187395,-3.5346433
-40.48318208,-3.53233454
-40.48342712,-3.53175749
-40.48293416,-3.53109923
-40.48096543,-3.53044334
-40.47916055,-3.5297048
-40.47850283,-3.52855251
-40.47733905,-3.52698571
-40.47625641,-3.52637064
-40.47626242,-3.52483064
-40.47760268,-3.52401971
-40.48176079,-3.52360868
-40.48484375,-3.52198616
-40.48591611,-3.52144525
-40.48743732,-3.51919748
-40.48792263,-3.51780247
-40.48886148,-3.51766617
-40.49063035,-3.51817911
-40.49302211,-3.51887268
-40.49650898,-3.51819308
-40.50012676,-3.51549129
-40.50548976,-3.51359545
-40.50615922,-3.51278558
-40.50749553,-3.50954828
-40.51060893,-3.50498052
-40.51112831,-3.5025377
-40.51097065,-3.50158962
-40.51203973,-3.49902674
-40.5131114,-3.49808142
-40.51539082,-3.49740374
-40.51794027,-3.497804
-40.52075953,-3.49914738
-40.52330768,-3.49873884
-40.52478003,-3.49671449
-40.52450956,-3.49536697
-40.52276283,-3.49361746
-40.52268056,-3.49251226
-40.5236975,-3.49092001
-40.52516832,-3.48795209
-40.52489678,-3.48593059
-40.52570013,-3.48498571
-40.52677263,-3.48457957
-40.53039367,-3.48403449
-40.5336127,-3.48375964
-40.54474533,-3.4829326
-40.54581496,-3.48077412
-40.54473479,-3.47646245
-40.545265,-3.47255252
-40.5445921,-3.47120568
-40.54297933,-3.46932119
-40.54056347,-3.46851637
-40.53814674,-3.46717236
-40.53572458,-3.46245846
-40.53236261,-3.45720688
-40.52927607,-3.4564031
-40.52846886,-3.45492165
-40.52618394,-3.45209461
-40.5256433,-3.44953435
-40.52710916,-3.44346616
-40.52804642,-3.44238628
-40.52978742,-3.44063112
-40.53152864,-3.43901076
-40.53259529,-3.43496516
-40.53250923,-3.43280657
-40.53138247,-3.43146242
-40.53030659,-3.4297118
-40.5307812,-3.42395278
-40.53153144,-3.42276756
-40.53217185,-3.42175583
-40.53217078,-3.42108185
-40.53123076,-3.42040938
-40.52733997,-3.41987642
-40.52559472,-3.41893563
-40.52486057,-3.41753597
-40.52357694,-3.41529934
-40.52062172,-3.41260811
-40.51793838,-3.41220797
-40.51512112,-3.41194284
-40.51270499,-3.41086828
-40.5112274,-3.40952264
-40.51055462,-3.40817572
-40.51162244,-3.4048041
-40.51255718,-3.40210668
-40.51362794,-3.40062223
-40.51523502,-3.39900213
-40.51603687,-3.3971137
-40.51630304,-3.39576531
-40.51629988,-3.39374336
-40.51536011,-3.39320565
-40.51468966,-3.3933415
-40.5086543,-3.39375537
-40.50455946,-3.39317403
-40.50395859,-3.39308873
-40.50079854,-3.3926913
-40.50079042,-3.39266618
-40.50074486,-3.39263471
-40.49912326,-3.39151468
-40.49734594,-3.39099835
-40.49478616,-3.39070173
-40.49201298,-3.38994721
-40.48949231,-3.38952954
-40.48705578,-3.38919605
-40.48411434,-3.38827313
-40.48142504,-3.38743413
-40.47755946,-3.38642829
-40.47520642,-3.38575738
-40.47209648,-3.38449743
-40.46971732,-3.38348726
-40.46760847,-3.38290229
-40.46542318,-3.38206247
-40.46340477,-3.38134828
-40.46155737,-3.38088792
-40.46093508,-3.38239211
-40.4600844,-3.38376446
-40.45934917,-3.38483915
-40.45772824,-3.38505791
-40.45548662,-3.38384203
-40.45276544,-3.3829962
-40.45114117,-3.38201091
-40.44713858,-3.38017926
-40.44501147,-3.3791947
-40.44251907,-3.37848632
-40.43979773,-3.3775256
-40.43732752,-3.37635776
-40.43458316,-3.3752822
-40.43131218,-3.37356424
-40.42950512,-3.37260213
-40.42735501,-3.3715027
-40.42467914,-3.37035809
-40.42228424,-3.36950753
-40.42029954,-3.36929194
-40.4187489,-3.3689866
-40.41653988,-3.36873902
-40.41642704,-3.36974988
-40.41667965,-3.37057645
-40.41578953,-3.37147358
-40.41544829,-3.37259962
-40.41705188,-3.37512403
-40.41659742,-3.37698529
-40.41547744,-3.37698692
-40.41089818,-3.37381312
-40.40914579,-3.37270402
-40.40686794,-3.37170717
-40.40506592,-3.37146945
-40.40255499,-3.37112513
-40.40008695,-3.37147322
-40.4004312,-3.37246046
-40.4007301,-3.37370044
-40.40100624,-3.37500936
-40.40199114,-3.37645509
-40.40292948,-3.37730365
-40.4033189,-3.37790032
-40.4030004,-3.37895742
-40.40188093,-3.37916179
-40.40012023,-3.37986471
-40.39847491,-3.38029291
-40.3972652,-3.38029794
-40.3949794,-3.3802323
-40.39420252,-3.38041718
-40.39273961,-3.38037332
-40.39053194,-3.38030198
-40.38834083,-3.38029181
-40.38652235,-3.3802903
-40.38453323,-3.37990262
-40.38272755,-3.37992816
-40.38108351,-3.38009754
-40.37916871,-3.37956107
-40.37568042,-3.37871907
-40.37399377,-3.37826363
-40.36905118,-3.37595857
-40.36594316,-3.37476039
-40.36351811,-3.37317879
-40.36055474,-3.37224881
-40.35815905,-3.37205411
-40.35610881,-3.37119581
-40.35295358,-3.36990862
-40.35087213,-3.36885483
-40.34860754,-3.36759455
-40.34688971,-3.36583096
-40.34543525,-3.36447078
-40.34375384,-3.36283427
-40.34268077,-3.36261797
-40.34157126,-3.36130267
-40.34104821,-3.36056887
-40.34100517,-3.35963504
