-38.61822117,-7.21950435
-38.61730018,-7.22163999
-38.61605529,-7.2238417
-38.61519647,-7.22671581
-38.61447793,-7.22940678
-38.60779531,-7.23280154
-38.60622821,-7.23488484
-38.60416802,-7.23541847
-38.60262021,-7.23549585
-38.60057423,-7.23455386
-38.5994933,-7.23410536
-38.5988597,-7.23515997
-38.59868853,-7.23614984
-38.59720087,-7.23717318
-38.59686916,-7.2404443
-38.59646928,-7.24359948
-38.5937896,-7.24611014
-38.59060639,-7.24815477
-38.58607405,-7.24882592
-38.58072321,-7.24817479
-38.57207084,-7.24509361
-38.56358917,-7.24109158
-38.55991429,-7.23907294
-38.55862896,-7.23827648
-38.55486823,-7.24033832
-38.55202808,-7.24270882
-38.55062165,-7.24486264
-38.54991192,-7.24660819
-38.55127321,-7.24908867
-38.55207278,-7.24997265
-38.55333455,-7.25319003
-38.5538232,-7.2551778
-38.55329679,-7.25943849
-38.55192121,-7.2631606
-38.55036566,-7.2640217
-38.54665108,-7.26606084
-38.54365864,-7.26508632
-38.54122927,-7.26556995
-38.54133324,-7.26674694
-38.54219646,-7.26820803
-38.54214027,-7.27159706
-38.54208678,-7.27470942
-38.54238798,-7.27697208
-38.54072221,-7.27965368
-38.53922594,-7.28152989
-38.53821019,-7.28149693
-38.53785459,-7.28243885
-38.53772042,-7.28435139
-38.53591574,-7.28470272
-38.53526244,-7.2853881
-38.53536918,-7.28864037
-38.53437198,-7.28906875
-38.53421945,-7.29049688
-38.53468112,-7.29287639
-38.53437033,-7.2939571
-38.53389609,-7.29522068
-38.53422079,-7.29743745
-38.5362429,-7.29847174
-38.53722388,-7.2997034
-38.53782164,-7.30233788
-38.53846716,-7.30481142
-38.54131679,-7.30624575
-38.542926,-7.3069993
-38.54383211,-7.30880667
-38.54535787,-7.31101207
-38.54739281,-7.31310713
-38.55005395,-7.31493157
-38.55146318,-7.31725111
-38.55238254,-7.32007317
-38.55257126,-7.32203496
-38.55172306,-7.32375609
-38.54904378,-7.32615116
-38.54725775,-7.32694082
-38.54696127,-7.32892095
-38.54693898,-7.33120351
-38.54687433,-7.33309366
-38.54954473,-7.33634782
-38.55284829,-7.34099161
-38.55388969,-7.34314616
-38.55567346,-7.34496205
-38.55663998,-7.34769232
-38.55648209,-7.3496738
-38.55618339,-7.3518845
-38.55946448,-7.35648192
-38.56189181,-7.36100186
-38.56522438,-7.36269439
-38.56707891,-7.36437257
-38.5674722,-7.36668221
-38.56872382,-7.36860819
-38.5700907,-7.37055833
-38.57137574,-7.37142394
-38.574327,-7.37195979
-38.57764437,-7.37999314
-38.57652168,-7.38143495
-38.57542499,-7.38257726
-38.57488326,-7.38365576
-38.57486736,-7.38529275
-38.57634644,-7.38758984
-38.57852513,-7.38920194
-38.58081775,-7.39097654
-38.58021396,-7.39369159
-38.58044677,-7.39588438
-38.58155748,-7.3980626
-38.58359788,-7.39965028
-38.58761337,-7.40003493
-38.59218076,-7.41022467
-38.59315343,-7.41235542
-38.59581949,-7.41613962
-38.59334314,-7.41662304
-38.59092436,-7.41593103
-38.5888612,-7.41429704
-38.58750269,-7.41384582
-38.58597603,-7.41406166
-38.58420877,-7.41526669
-38.58357418,-7.41639041
-38.58316073,-7.41853084
-38.58275427,-7.42233154
-38.58165726,-7.42349691
-38.58144518,-7.42630798
-38.58216061,-7.42875908
-38.58154373,-7.43043637
-38.58224859,-7.4315961
-38.58396912,-7.43283482
-38.58729865,-7.4325211
-38.58898462,-7.43256044
-38.59122818,-7.43465733
-38.59226951,-7.43685792
-38.59391522,-7.43867234
-38.59888517,-7.4407263
-38.60092271,-7.4426367
-38.6028539,-7.44360068
-38.6037654,-7.44490071
-38.60253329,-7.44809397
-38.60160926,-7.45048315
-38.60121694,-7.45283132
-38.60099189,-7.45460465
-38.60150581,-7.45640815
-38.60341396,-7.4573719
-38.60620993,-7.45730656
-38.60920115,-7.45615933
-38.61098072,-7.45608419
-38.61353924,-7.45668522
-38.61572773,-7.45732879
-38.61744934,-7.45847516
-38.61995437,-7.45983657
-38.62098811,-7.46044599
-38.6236337,-7.45920312
-38.62707183,-7.45962802
-38.62952154,-7.45953616
-38.6315381,-7.45884063
-38.63306624,-7.4584863
-38.63554081,-7.45821017
-38.6372124,-7.45734991
-38.64061603,-7.45655228
-38.64155077,-7.45785247
-38.64302101,-7.45871964
-38.64453635,-7.45970254
-38.6461161,-7.46361446
-38.64258131,-7.4636269
-38.64065582,-7.4644617
-38.64007625,-7.46708483
-38.63954198,-7.46980062
-38.63832176,-7.471772
-38.63567988,-7.472623
-38.6344583,-7.47473271
-38.63288268,-7.47762301
-38.63161244,-7.47998588
-38.62937857,-7.48164778
-38.62855298,-7.48341538
-38.62853327,-7.48546739
-38.62897404,-7.48768521
-38.63178358,-7.48863441
-38.63435857,-7.48995029
-38.638557,-7.49303408
-38.64097024,-7.49676951
-38.64276683,-7.49976118
-38.64242641,-7.50343052
-38.64446606,-7.50664819
-38.6458379,-7.5102775
-38.64603451,-7.51498294
-38.6453379,-7.51801098
-38.6464338,-7.52163969
-38.65047541,-7.52440269
-38.65277236,-7.52571593
-38.65375787,-7.52727876
-38.65313275,-7.52918236
-38.65241809,-7.52996114
-38.65091775,-7.5324366
-38.65262459,-7.54067983
-38.65564392,-7.54826033
-38.65648898,-7.55097041
-38.65560883,-7.5537915
-38.65424109,-7.55870009
-38.65474257,-7.5607668
-38.65625702,-7.56239963
-38.65712767,-7.56393926
-38.65700755,-7.56628003
-38.65629299,-7.56698996
-38.65626758,-7.56809156
-38.65918304,-7.57066844
-38.6626983,-7.5724433
-38.66883915,-7.57261719
-38.67465874,-7.57244605
-38.67782902,-7.574243
-38.68186222,-7.58127466
-38.68443505,-7.58284079
-38.68891847,-7.58372239
-38.69312638,-7.58437386
-38.70094854,-7.58358687
-38.70549725,-7.58628159
-38.71010821,-7.59228138
-38.71104329,-7.59616208
-38.71046146,-7.59944292
-38.71158289,-7.60219938
-38.71238401,-7.60412894
-38.71171405,-7.60552759
-38.71157111,-7.60791424
-38.71319996,-7.6100291
-38.71575106,-7.61111303
-38.71629974,-7.61276665
-38.71569766,-7.61471628
-38.71447453,-7.61664169
-38.71444713,-7.6187761
-38.71492648,-7.62059024
-38.71605077,-7.62199257
-38.71586448,-7.62309385
-38.71524055,-7.62446965
-38.71484283,-7.62685958
-38.71585142,-7.62945133
-38.71862469,-7.63443743
-38.72000245,-7.63565665
-38.72170833,-7.63391582
-38.72350527,-7.6326342
-38.72637961,-7.6332138
-38.72706601,-7.63505129
-38.72802917,-7.63654507
-38.73044425,-7.63673354
-38.73368845,-7.63644169
-38.73554991,-7.63738642
-38.73566064,-7.63952112
-38.73558591,-7.64236693
-38.73608883,-7.64395158
-38.73774246,-7.64530901
-38.73959799,-7.64923738
-38.74071487,-7.6544266
-38.74199286,-7.65959319
-38.744335,-7.66182411
-38.74658791,-7.66265482
-38.75052212,-7.66254782
-38.75533253,-7.66143264
-38.75770427,-7.66033561
-38.76191605,-7.6594487
-38.76488296,-7.65986757
-38.76883518,-7.66233099
-38.77108461,-7.66499767
-38.77329238,-7.66541502
-38.77492576,-7.6654411
-38.77656041,-7.66480158
-38.77844764,-7.664415
-38.77973465,-7.66510599
-38.78051226,-7.66751736
-38.78126932,-7.66864341
-38.78223304,-7.66997642
-38.78370361,-7.67094316
-38.78515034,-7.67234592
-38.7869418,-7.6739559
-38.78829826,-7.67444043
-38.78924369,-7.67329464
-38.78998258,-7.67187304
-38.79129536,-7.6711181
-38.7930198,-7.67167216
-38.79375324,-7.67314242
-38.79413893,-7.67603501
-38.79464262,-7.67734418
-38.79546854,-7.6785851
-38.79751544,-7.67895613
-38.79915084,-7.67792635
-38.79986683,-7.67643584
-38.79957223,-7.6740254
-38.80012759,-7.67230507
-38.80259127,-7.67123092
-38.80526072,-7.67084566
-38.80682434,-7.67128461
-38.80884999,-7.67069159
-38.81115395,-7.66888265
-38.81352614,-7.66748694
-38.81605774,-7.66698661
-38.81817371,-7.66731177
-38.82106154,-7.67335321
-38.82226838,-7.68026375
-38.82012512,-7.68225666
-38.8158603,-7.68693102
-38.81323017,-7.69091977
-38.81496631,-7.69771654
-38.81686008,-7.70641855
-38.81928626,-7.71340017
-38.82256955,-7.71723898
-38.82555651,-7.71956244
-38.83015529,-7.72124612
-38.83376762,-7.72129846
-38.83696636,-7.72102871
-38.83963435,-7.72163016
-38.84334055,-7.72064976
-38.84693241,-7.71925601
-38.8507779,-7.71754136
-38.85604748,-7.71722915
-38.85933882,-7.71661513
-38.86336992,-7.71395967
-38.86629375,-7.71295479
-38.86847886,-7.71337162
-38.87077634,-7.71537228
-38.87235849,-7.71858815
-38.87299952,-7.7204942
-38.87373476,-7.72111512
-38.87460782,-7.72187399
-38.87688348,-7.72320899
-38.87867411,-7.72564483
-38.87922144,-7.72856058
-38.87866301,-7.73225482
-38.8775968,-7.73686627
-38.87919435,-7.74469536
-38.88137526,-7.74772859
-38.88397341,-7.74894933
-38.88776848,-7.74996547
-38.89108114,-7.75049881
-38.89352152,-7.74974542
-38.89732143,-7.74782371
-38.90296143,-7.74634101
-38.91405404,-7.74537188
-38.91607867,-7.7455587
-38.91665159,-7.7470285
-38.91664812,-7.74920888
-38.91565486,-7.75159425
-38.91376079,-7.75608972
-38.91350492,-7.75781066
-38.9143324,-7.75838576
-38.91513782,-7.75836409
-38.91649778,-7.75692031
-38.9194224,-7.7555249
-38.92276113,-7.75417601
-38.92632803,-7.75404389
-38.92899439,-7.7559071
-38.93053498,-7.75664394
-38.93508637,-7.75974941
-38.93738635,-7.76048739
-38.93911184,-7.76071955
-38.94003,-7.7622128
-38.9401835,-7.76714758
-38.9404959,-7.7735056
-38.94189632,-7.77566517
-38.94371031,-7.77826143
-38.94428124,-7.78113122
-38.94395622,-7.78298979
-38.94040529,-7.78755171
-38.93855801,-7.79161127
-38.9395206,-7.7941833
-38.9440151,-7.80470188
-38.94544094,-7.80536963
-38.94900527,-7.80721113
-38.95068205,-7.80934813
-38.95132124,-7.81279179
-38.95168372,-7.81660226
-38.95282789,-7.82094178
-38.95606782,-7.82436638
-38.95866618,-7.82590798
-38.96252869,-7.82859901
-38.96291732,-7.83036684
-38.96298238,-7.83305224
-38.96132334,-7.83435801
-38.9589042,-7.83605283
-38.95786545,-7.83809395
-38.9590813,-7.84075811
-38.96043622,-7.84277984
-38.9622993,-7.84358589
-38.96657557,-7.84384885
-38.97090717,-7.84362146
-38.97413092,-7.84257038
-38.97790451,-7.84326437
-38.9817699,-7.84414207
-38.98582157,-7.84352816
-38.99019623,-7.84236384
-38.99146428,-7.84082789
-38.99362969,-7.83945385
-38.99563166,-7.83973207
-38.99772543,-7.84019401
-38.99926831,-7.83959943
-39.0007642,-7.83969331
-39.00662224,-7.83247097
-39.00793712,-7.82554269
-39.01061448,-7.81806669
-39.01534693,-7.81236464
-39.01869604,-7.81098288
-39.02204457,-7.81223073
-39.02441057,-7.81588515
-39.02649866,-7.82099814
-39.02952033,-7.82258319
-39.03315662,-7.82052036
-39.04059234,-7.81884416
-39.04956741,-7.81698896
-39.05591287,-7.81863193
-39.05947081,-7.82363323
-39.06153654,-7.83135241
-39.0659823,-7.83803839
-39.07991913,-7.84617021
-39.08913558,-7.85282465
-39.09080812,-7.85552909
-39.09272603,-7.85469351
-39.09623856,-7.85052429
-39.09709666,-7.84603453
-39.09312811,-7.83956299
-39.08903321,-7.83507858
-39.0880118,-7.83185952
-39.09037618,-7.82515507
-39.09256989,-7.81771591
-39.09081232,-7.81201449
-39.09189907,-7.80624819
-39.09468037,-7.80060282
-39.09694225,-7.79318768
-39.10146942,-7.7847143
-39.1008983,-7.78065703
-39.10080235,-7.77564762
-39.10508958,-7.7612019
-39.11179791,-7.75251474
-39.11942753,-7.74619868
-39.12699045,-7.7371145
-39.1395007,-7.72034115
-39.14392993,-7.71609593
-39.14610613,-7.7175055
-39.14710487,-7.71939779
-39.15053765,-7.71973144
-39.15266741,-7.7185334
-39.15590033,-7.71717145
-39.1583552,-7.71705371
-39.16271652,-7.71671728
-39.16662189,-7.7149095
-39.16803524,-7.71404205
-39.1692672,-7.71438339
-39.1708757,-7.71548579
-39.17426303,-7.71314311
-39.17727576,-7.70992504
-39.18102535,-7.70916631
-39.18383452,-7.70578463
-39.18541136,-7.704737
-39.1880692,-7.70347927
-39.19085487,-7.69746752
-39.1926078,-7.69418199
-39.19541368,-7.69230936
-39.20076952,-7.69144082
-39.20685066,-7.68971572
-39.21109639,-7.6907488
-39.21750981,-7.69369395
-39.22137089,-7.6957722
-39.22349027,-7.69649441
-39.22589429,-7.69532358
-39.22825248,-7.69415195
-39.23120662,-7.69431672
-39.23968009,-7.698783
-39.24406098,-7.7039797
-39.24644447,-7.70534654
-39.25047418,-7.70562096
-39.25364052,-7.70544619
-39.25457319,-7.70452455
-39.25419901,-7.7022773
-39.25207392,-7.69652459
-39.25169171,-7.69340829
-39.25091274,-7.69204592
-39.25016983,-7.69125583
-39.25053429,-7.69005012
-39.25125186,-7.68830164
-39.25208439,-7.68653226
-39.25457804,-7.68145268
-39.25838193,-7.67749295
-39.26348132,-7.6741726
-39.26852281,-7.67021096
-39.26982298,-7.66655159
-39.27320401,-7.66317908
-39.27537436,-7.66090644
-39.27825611,-7.65992637
-39.28390288,-7.66212581
-39.29013811,-7.6634205
-39.30144589,-7.66429786
-39.30661084,-7.66518549
-39.30859152,-7.66462444
-39.31067159,-7.66225864
-39.31455708,-7.65749952
-39.31759905,-7.65517279
-39.32339955,-7.65371575
-39.33148776,-7.65115387
-39.34031773,-7.64538022
-39.34083521,-7.64323952
-39.34373458,-7.63848644
-39.34662552,-7.63558534
-39.35343208,-7.63288719
-39.35766431,-7.63062593
-39.36410798,-7.62769288
-39.37045648,-7.62372182
-39.37370634,-7.61978209
-39.37599911,-7.61563604
-39.37878227,-7.61367044
-39.38361587,-7.6124251
-39.38875662,-7.60926412
-39.39498605,-7.6095054
-39.40480842,-7.60731418
-39.42069813,-7.60545242
-39.42348483,-7.60462989
-39.42452003,-7.59890782
-39.42863391,-7.58310744
-39.42828072,-7.57681349
-39.42660153,-7.56896548
-39.42579335,-7.5556213
-39.42503981,-7.544496
-39.42417245,-7.54018279
-39.41975955,-7.53414134
-39.41686615,-7.519459
-39.41574681,-7.50002049
-39.4205271,-7.46458272
-39.42319908,-7.46378494
-39.42515838,-7.46261789
-39.42764522,-7.46223319
-39.42870436,-7.46209784
-39.42902802,-7.46150127
-39.43004578,-7.45939004
-39.4317507,-7.45870482
-39.43350004,-7.45870892
-39.43584869,-7.45834683
-39.43976317,-7.45771268
-39.44227362,-7.45705227
-39.4451548,-7.45533589
-39.44736003,-7.45418627
-39.45010874,-7.45309587
-39.45409553,-7.4510144
-39.45750485,-7.44980459
-39.45985406,-7.44916669
-39.46450254,-7.44959081
-39.46634505,-7.44908956
-39.4690194,-7.44716581
-39.47129853,-7.44696419
-39.47403753,-7.44697037
-39.47762913,-7.44654193
-39.47947275,-7.44553521
-39.48115606,-7.44416054
-39.48330268,-7.4414544
-39.48720082,-7.43771832
-39.49070486,-7.43522194
-39.4914696,-7.43288029
-39.49320442,-7.42900153
-39.4959305,-7.42438978
-39.49745786,-7.42062542
-39.50123981,-7.41774866
-39.516276,-7.4106471
-39.531365,-7.39946078
-39.5496528,-7.38672184
-39.56525249,-7.37714386
-39.58099669,-7.36261683
-39.59575095,-7.34650694
-39.5972114,-7.34491222
-39.62299443,-7.33389451
-39.64428597,-7.3248703
-39.65356616,-7.3214927
-39.65251636,-7.31936905
-39.6483082,-7.311805
-39.5929987,-7.28806119
-39.55749944,-7.28287753
-39.54236937,-7.28115298
-39.52490257,-7.27129688
-39.51791458,-7.26607608
-39.51382663,-7.25271812
-39.51090776,-7.24400665
-39.51117948,-7.23684045
-39.51264004,-7.23238503
-39.51561546,-7.22903778
-39.51892285,-7.22649556
-39.52185896,-7.22627151
-39.52750496,-7.22626501
-39.53074825,-7.22614129
-39.53795248,-7.22325372
-39.54317647,-7.2207971
-39.55967999,-7.20943674
-39.57077591,-7.19861916
-39.57890915,-7.18989427
-39.58492479,-7.17280662
-39.58432775,-7.1622539
-39.58135528,-7.15855246
-39.57753094,-7.15167617
-39.57684574,-7.14665568
-39.57731019,-7.14468948
-39.57667042,-7.14162025
-39.57486598,-7.13950524
-39.56892613,-7.13580738
-39.56389868,-7.12929591
-39.5632976,-7.12660416
-39.56000669,-7.12216188
-39.55788447,-7.12004718
-39.5566091,-7.11708453
-39.55501683,-7.11496917
-39.55172823,-7.1123265
-39.54759383,-7.11137863
-39.54483745,-7.11064084
-39.54303478,-7.10979604
-39.54176214,-7.10905648
-39.54091281,-7.10778711
-39.53984819,-7.10365965
-39.53846874,-7.10217916
-39.53636363,-7.10120432
-39.53391017,-7.10091406
-39.53231902,-7.09964552
-39.52977324,-7.09763701
-39.52775543,-7.09393406
-39.52510299,-7.09129046
-39.52266147,-7.08769383
-39.52123274,-7.0843545
-39.51896368,-7.08206857
-39.51772891,-7.07907983
-39.51460394,-7.076684
-39.51247432,-7.07553074
-39.5117197,-7.07476774
-39.51066858,-7.0717216
-39.50971355,-7.07055814
-39.50568328,-7.06802239
-39.50335017,-7.065907
-39.50091871,-7.06438862
-39.49881227,-7.06285021
-39.49500399,-7.06273782
-39.49317275,-7.06200088
-39.49321114,-7.06000488
-39.49394616,-7.05811075
-39.49573509,-7.05716218
-39.49696347,-7.05545395
-39.49720534,-7.05358428
-39.49636157,-7.05221776
-39.49453813,-7.05046015
-39.49538205,-7.04685985
-39.49387361,-7.04235895
-39.49283034,-7.0388168
-39.49198195,-7.0381825
-39.49123997,-7.03797155
-39.48890718,-7.03649188
-39.48456009,-7.0340615
-39.48328786,-7.03342763
-39.47926045,-7.03269071
-39.47276245,-7.03057185
-39.47003805,-7.02920649
-39.46791772,-7.02814996
-39.46600964,-7.0274108
-39.46155782,-7.02603896
-39.45901294,-7.02424174
-39.4568939,-7.02445554
-39.45456621,-7.02391784
-39.44887476,-7.0217801
-39.4478009,-7.01937483
-39.42725881,-7.0158306
-39.40227359,-7.00077875
-39.39237947,-6.9893517
-39.39081318,-6.98259571
-39.384462,-6.97671211
-39.38118548,-6.97228458
-39.37448758,-6.96891938
-39.36707166,-6.96620393
-39.36475269,-6.96495113
-39.36343892,-6.96424138
-39.36292251,-6.9637615
-39.36173052,-6.96108715
-39.35995474,-6.95865031
-39.35815771,-6.9571265
-39.35556502,-6.95593235
-39.35290979,-6.95608679
-39.34853856,-6.95634101
-39.34741969,-6.95698581
-39.34606093,-6.95822543
-39.34467449,-6.96070354
-39.34338618,-6.9617944
-39.34259268,-6.96149773
-39.3422944,-6.96040802
-39.34001255,-6.95882432
-39.33842541,-6.95803278
-39.33753239,-6.95724074
-39.33802728,-6.95595229
-39.33980047,-6.95476257
-39.33958813,-6.95069574
-39.33952274,-6.94944329
-39.34020275,-6.94752858
-39.34072984,-6.94490696
-39.34119205,-6.94435717
-39.34224246,-6.94445232
-39.3434734,-6.94534637
-39.34466344,-6.94554367
-39.34545656,-6.94534493
-39.34615016,-6.94465083
-39.34723952,-6.94276743
-39.34753554,-6.94078553
-39.3466403,-6.9369219
-39.34556477,-6.93598371
-39.34346543,-6.93434802
-39.34197652,-6.93216924
-39.34118263,-6.93127805
-39.33900002,-6.92959518
-39.33920521,-6.92858036
-39.34177213,-6.92162413
-39.34148119,-6.91647486
-39.33919453,-6.91361331
-39.33646776,-6.90847503
-39.33707172,-6.9068116
-39.33903775,-6.90590311
-39.34100431,-6.90575053
-39.34297402,-6.906651
-39.3482683,-6.90907129
-39.35780073,-6.91118078
-39.36104958,-6.912553
-39.3628839,-6.91332775
-39.36476959,-6.91570433
-39.36635709,-6.91709029
-39.3697291,-6.9181776
-39.3719106,-6.91837407
-39.37349743,-6.91886825
-39.37458787,-6.91857014
-39.37671574,-6.91691111
-39.37953809,-6.91670229
-39.3813132,-6.91657095
-39.38815749,-6.91606447
-39.39203594,-6.91528632
-39.39411688,-6.91379835
-39.39451209,-6.9121136
-39.39399088,-6.90933715
-39.39274286,-6.9058619
-39.39281974,-6.90389104
-39.39351337,-6.90339505
-39.39519899,-6.90349274
-39.39787625,-6.90378776
-39.40140627,-6.90455695
-39.40514665,-6.90433971
-39.41180392,-6.90539228
-39.41361916,-6.90523952
-39.41407222,-6.90433204
-39.41331398,-6.90221616
-39.41104191,-6.89889213
-39.40377373,-6.89088572
-39.39680973,-6.88454192
-39.39229612,-6.87823357
-39.39153187,-6.87716541
-39.39071361,-6.87456392
-39.38991974,-6.87367281
-39.38833233,-6.87228692
-39.38684199,-6.86832477
-39.38575056,-6.86723572
-39.38535168,-6.8643626
-39.38584563,-6.86218235
-39.38703371,-6.86019972
-39.39382896,-6.85524398
-39.39902589,-6.85056155
-39.40630475,-6.84795648
-39.40724704,-6.84700483
-39.40932579,-6.84333696
-39.41041536,-6.84224611
-39.41159724,-6.84098913
-39.41150374,-6.83976808
-39.41008179,-6.83766442
-39.40781059,-6.83494508
-39.40545146,-6.83382818
-39.40307116,-6.83254209
-39.40143742,-6.83132519
-39.39959646,-6.82650085
-39.39902768,-6.82300905
-39.39942618,-6.82175512
-39.40018533,-6.81936631
-39.40028315,-6.81778088
-39.39929069,-6.81639452
-39.39760481,-6.81560324
-39.39387734,-6.81363999
-39.39205998,-6.81076901
-39.39160414,-6.80819928
-39.39253973,-6.80401453
-39.39293431,-6.80163618
-39.39402334,-6.79995087
-39.39685986,-6.79857032
-39.39840158,-6.79745979
-39.4006188,-6.79355163
-39.40217723,-6.79080465
-39.40458454,-6.77568443
-39.4065475,-6.77190323
-39.40617305,-6.76761187
-39.40610817,-6.76702995
-39.4046059,-6.76579866
-39.4035057,-6.76432084
-39.40314563,-6.76203983
-39.40241637,-6.76040935
-39.400135,-6.75842954
-39.39904299,-6.75634966
-39.39805188,-6.75644956
-39.39627488,-6.75754697
-39.39422048,-6.75869065
-39.39296747,-6.76112683
-39.39206126,-6.76321891
-39.39000795,-6.76406322
-39.38882798,-6.76544042
-39.38760262,-6.76663323
-39.38564948,-6.76533639
-39.38291125,-6.76454318
-39.38230401,-6.76675149
-39.38149188,-6.76831428
-39.38129797,-6.77086955
-39.3740993,-6.76782586
-39.3693413,-6.76509066
-39.36759753,-6.7632649
-39.36606477,-6.7604728
-39.36353793,-6.76467717
-39.36239624,-6.76808085
-39.3619513,-6.76999041
-39.36095525,-6.77143733
-39.35911101,-6.77179874
-39.35739011,-6.77001909
-39.35541821,-6.76761675
-39.35217253,-6.76700564
-39.35072783,-6.7652961
-39.35010897,-6.76448778
-39.34835891,-6.76431989
-39.34747218,-6.767287
-39.34707431,-6.7689204
-39.34580595,-6.76928397
-39.3428847,-6.76816745
-39.34109344,-6.76673288
-39.33830688,-6.76653793
-39.33765434,-6.76849273
-39.33737428,-6.76943577
-39.33631501,-6.76933957
-39.33510026,-6.76774601
-39.33283986,-6.76849718
-39.33110597,-6.77010239
-39.33047902,-6.77138948
-39.32813118,-6.77091985
-39.32167271,-6.76716439
-39.32043713,-6.76501805
-39.31963377,-6.76427805
-39.31769962,-6.76406328
-39.3148984,-6.7617266
-39.3149038,-6.76034499
-39.31444921,-6.75877736
-39.31376374,-6.75734699
-39.3117794,-6.75819125
-39.30897329,-6.75712102
-39.3067174,-6.75672073
-39.30478889,-6.75507823
-39.30122311,-6.75388984
-39.2992452,-6.75309913
-39.29874252,-6.75206092
-39.29930197,-6.75038213
-39.29820647,-6.74779876
-39.29720058,-6.74586051
-39.29739002,-6.7445487
-39.29875132,-6.74397837
-39.30031846,-6.74377729
-39.30147344,-6.74295285
-39.30122876,-6.74074127
-39.29932726,-6.73810867
-39.29758321,-6.73644384
-39.29760969,-6.7355689
-39.2992684,-6.73550635
-39.30347447,-6.73784865
-39.30722061,-6.74000488
-39.31030249,-6.74121437
-39.31191344,-6.74158911
-39.31354815,-6.74177971
-39.31590374,-6.74022305
-39.31832313,-6.74002524
-39.32115757,-6.73971389
-39.32300173,-6.73935263
-39.32530442,-6.73954579
-39.32674165,-6.73720259
-39.32875015,-6.73603599
-39.32935198,-6.73527842
-39.32901665,-6.73265201
-39.32861088,-6.73037074
-39.32877774,-6.72892067
-39.32784061,-6.72705183
-39.32591734,-6.72407385
-39.32459241,-6.72123635
-39.32494418,-6.7196258
-39.32416956,-6.7174352
-39.31911873,-6.71320155
-39.31646167,-6.70941471
-39.31566623,-6.70667135
-39.3151211,-6.7047119
-39.31506407,-6.70162602
-39.31711592,-6.70112743
-39.31721254,-6.69997644
-39.31643655,-6.69815425
-39.31702,-6.69619921
-39.31727838,-6.69491069
-39.31680173,-6.6931127
-39.31544582,-6.6923475
-39.31492077,-6.69114803
-39.31557142,-6.68967682
-39.31550844,-6.68811072
-39.31486734,-6.68714106
-39.3137405,-6.68669914
-39.31228906,-6.68680859
-39.31104283,-6.68744848
-39.30982071,-6.68781213
-39.30756406,-6.68768814
-39.30657967,-6.68616448
-39.30479308,-6.68364748
-39.30192312,-6.68135648
-39.29792321,-6.67942945
-39.29442801,-6.67801098
-39.29265888,-6.6769217
-39.29093975,-6.67484243
-39.29078665,-6.67279239
-39.29180539,-6.6714378
-39.29168015,-6.66816742
-39.29150794,-6.66512712
-39.28971548,-6.66412984
-39.28902812,-6.66322905
-39.28910196,-6.66203191
-39.29009866,-6.66042394
-39.2904038,-6.65897443
-39.2903846,-6.6580072
-39.29023014,-6.65630256
-39.28827459,-6.6557882
-39.28662016,-6.65483751
-39.28468938,-6.65388572
-39.28400342,-6.65263952
-39.28326912,-6.6519688
-39.28087546,-6.65159084
-39.27924162,-6.65126195
-39.27934328,-6.6488675
-39.28143165,-6.64493812
-39.281372,-6.64256605
-39.2827846,-6.64061434
-39.28378595,-6.637832
-39.28453003,-6.63603882
-39.28403199,-6.63387226
-39.28272419,-6.6326466
-39.28026383,-6.63169268
-39.27925257,-6.63118205
-39.27886567,-6.63002913
-39.28013768,-6.62867558
-39.28415461,-6.62620461
-39.29198518,-6.62022552
-39.29279984,-6.61804114
-39.29375741,-6.6146599
-39.29429253,-6.61328037
-39.29436854,-6.61153058
-39.29501779,-6.61040481
-39.29739296,-6.60958521
-39.29953411,-6.6097088
-39.30139393,-6.61109779
-39.30284098,-6.61204762
-39.3058582,-6.61192134
-39.30712538,-6.61176513
-39.30823752,-6.61004244
-39.3109878,-6.60752023
-39.31301849,-6.60644591
-39.3148153,-6.60629176
-39.31617583,-6.60581351
-39.3170562,-6.60445834
-39.31696995,-6.60296122
-39.31511075,-6.6014111
-39.31288565,-6.59921478
-39.31266649,-6.59638154
-39.31267968,-6.59301959
-39.31241257,-6.59066975
-39.31242494,-6.58751504
-39.3119468,-6.58613151
-39.31105807,-6.5837562
-39.30917114,-6.5834264
-39.30802206,-6.5828462
-39.3078469,-6.58054276
-39.30720868,-6.57888227
-39.30523293,-6.57772312
-39.30194441,-6.57662787
-39.2999522,-6.57381065
-39.29619264,-6.56955873
-39.2939219,-6.56731607
-39.29358491,-6.5651962
-39.29448438,-6.56483133
-39.29535964,-6.56476571
-39.29481824,-6.56193118
-39.29712859,-6.55415704
-39.2966337,-6.55120756
-39.29493895,-6.5488981
-39.29254771,-6.5480366
-39.29006281,-6.54756618
-39.29040272,-6.54314625
-39.28995119,-6.54088775
-39.28872158,-6.53742874
-39.28882787,-6.53385989
-39.28814812,-6.53109388
-39.28624882,-6.5281388
-39.28466804,-6.52615213
-39.28179139,-6.52579525
-39.27982403,-6.52836648
-39.27616492,-6.52791432
-39.27512652,-6.52848586
-39.2725723,-6.52810718
-39.27061966,-6.52699403
-39.26799999,-6.52571699
-39.26546408,-6.52651276
-39.26247742,-6.5248888
-39.26033877,-6.52423541
-39.25759871,-6.5242704
-39.25485883,-6.52425933
-39.25372618,-6.52536007
-39.25268151,-6.52747438
-39.25054202,-6.52702819
-39.24902513,-6.52635424
-39.2485036,-6.52437175
-39.2474239,-6.52376865
-39.24553545,-6.52387612
-39.2439436,-6.52465259
-39.24267343,-6.52559155
-39.2409701,-6.52546948
-39.23970977,-6.52399058
-39.23874369,-6.52375636
-39.23696848,-6.52432482
-39.23490063,-6.5232571
-39.2323958,-6.52207245
-39.23065096,-6.52084485
-39.22894897,-6.52040036
-39.22722245,-6.5203242
-39.22602596,-6.52013507
-39.22566456,-6.51842954
-39.22604069,-6.51654281
-39.22787184,-6.51355672
-39.22986961,-6.50923571
-39.22846696,-6.50879243
-39.226956,-6.50669072
-39.22689911,-6.50371991
-39.228983,-6.50085
-39.22683093,-6.49833071
-39.22673189,-6.49605285
-39.22883355,-6.49477947
-39.22912318,-6.49282636
-39.22700243,-6.49025833
-39.22011206,-6.48901394
-39.21628047,-6.48774495
-39.21522994,-6.48670249
-39.21161864,-6.48681511
-39.20985865,-6.48528462
-39.20844586,-6.48343454
-39.20733122,-6.48170157
-39.20514795,-6.48150217
-39.20350559,-6.47633821
-39.20381441,-6.47493729
-39.20439158,-6.47135309
-39.20483093,-6.46774492
-39.20579041,-6.46538251
-39.20582701,-6.46345062
-39.20417707,-6.46263393
-39.2014169,-6.46272947
-39.19919729,-6.46117269
-39.1977812,-6.45980559
-39.19386141,-6.461296
-39.19283884,-6.45956364
-39.19234142,-6.45836403
-39.19101571,-6.45722756
-39.18875738,-6.45790163
-39.1856187,-6.45624627
-39.18459292,-6.4549739
-39.18375175,-6.45361083
-39.18293309,-6.45231693
-39.1815081,-6.45221481
-39.18026559,-6.452321
-39.17896407,-6.45102366
-39.17718277,-6.44928588
-39.17472551,-6.44883138
-39.17155397,-6.44857881
-39.16941896,-6.44808057
-39.16849969,-6.44800502
-39.16821819,-6.44878508
-39.16858086,-6.44952372
-39.16726839,-6.44976739
-39.165227,-6.44903979
-39.16418271,-6.4471462
-39.16372922,-6.44624589
-39.16296977,-6.44633248
-39.16217469,-6.44818996
-39.16098441,-6.4474224
-39.15938845,-6.44550186
-39.15709333,-6.44488742
-39.15497773,-6.44489531
-39.15189589,-6.44496528
-39.14918755,-6.44425584
-39.14727938,-6.44419617
-39.14544811,-6.44303296
-39.14493196,-6.44175846
-39.14149009,-6.4394163
-39.14022289,-6.43731566
-39.13797156,-6.43314898
-39.13694789,-6.43091059
-39.13427823,-6.42858504
-39.13421989,-6.42243221
-39.13885895,-6.41240158
-39.13681461,-6.4106986
-39.13135868,-6.40737376
-39.12995395,-6.40550245
-39.12985991,-6.40541447
-39.12900073,-6.40231653
-39.12729579,-6.39002124
-39.12721839,-6.38799651
-39.12686262,-6.38631481
-39.12596927,-6.38584833
-39.12272916,-6.38559495
-39.11928728,-6.38462703
-39.11726082,-6.38187516
-39.11661036,-6.37961628
-39.11537144,-6.37606503
-39.11367405,-6.37232644
-39.1103802,-6.36997941
-39.10709585,-6.36314705
-39.1069504,-6.36100682
-39.10524397,-6.35853324
-39.10336695,-6.35739253
-39.10059617,-6.3558543
-39.10043043,-6.35334588
-39.10020505,-6.34920037
-39.09798087,-6.34756319
-39.09271033,-6.34355256
-39.08858644,-6.34527254
-39.08549346,-6.34630461
-39.08233763,-6.34669964
-39.07117285,-6.34298288
-39.0665904,-6.34275425
-39.06228561,-6.34422422
-39.0483767,-6.35788575
-39.04505413,-6.35536447
-39.04161704,-6.35307241
-39.03852658,-6.34962906
-39.03027458,-6.34023607
-39.02649398,-6.33782931
-39.02603559,-6.3349639
-39.02431712,-6.33301549
-39.02019285,-6.32866021
-39.01584619,-6.32747986
-39.00610227,-6.32717054
-39.00072703,-6.32585934
-38.99041953,-6.3266225
-38.98580353,-6.32732274
-38.98343995,-6.3269984
-38.97584067,-6.3259555
-38.96586642,-6.32451038
-38.96288951,-6.32303914
-38.95944384,-6.32276951
-38.9546268,-6.32303687
-38.94459136,-6.32276814
-38.94178142,-6.32290171
-38.93843622,-6.32330296
-38.93656313,-6.3216962
-38.93442252,-6.31942002
-38.931613,-6.31647435
-38.92572591,-6.3143315
-38.92264913,-6.30951146
-38.91983952,-6.3079045
-38.91654123,-6.30787855
-38.91462111,-6.30870694
-38.91074047,-6.31084833
-38.9067261,-6.31245416
-38.90471863,-6.31472971
-38.90404924,-6.31673775
-38.90498558,-6.31834445
-38.90618951,-6.32008508
-38.90832921,-6.32677934
-38.91153974,-6.33173336
-38.91381364,-6.33682109
-38.91461612,-6.33909714
-38.91434147,-6.34027819
-38.91322279,-6.3405578
-38.91046782,-6.34016746
-38.90337594,-6.33976456
-38.89821429,-6.34083487
-38.89252779,-6.34120679
-38.89128413,-6.34020841
-38.88843496,-6.33767346
-38.88748575,-6.33450532
-38.88368734,-6.32927739
-38.88210456,-6.32769306
-38.87830551,-6.32563303
-38.87355643,-6.32436472
-38.87007368,-6.32388867
-38.86200025,-6.32198583
-38.8526608,-6.31865694
-38.84553781,-6.31532855
-38.83904804,-6.31231705
-38.83271691,-6.30851354
-38.8271771,-6.30566059
-38.82195401,-6.3026493
-38.81910528,-6.30043077
-38.81831386,-6.3001137
-38.81641404,-6.30058823
-38.81498918,-6.30090452
-38.81364577,-6.29987551
-38.81278057,-6.29814256
-38.81191583,-6.29515826
-38.81009553,-6.2929376
-38.80247298,-6.2844879
-38.80179697,-6.28323055
-38.80102565,-6.28181607
-38.80045803,-6.28190916
-38.79586205,-6.28282707
-38.79279806,-6.28343899
-38.78973381,-6.28466402
-38.78697518,-6.28772853
-38.78697393,-6.29079416
-38.78819796,-6.2944734
-38.78942226,-6.29753952
-38.78911402,-6.30213784
-38.78819349,-6.30550965
-38.78665992,-6.30949433
-38.78604588,-6.3125597
-38.78267339,-6.31776986
-38.78175357,-6.31930229
-38.78175177,-6.32359416
-38.78205675,-6.32696647
-38.78205495,-6.33125833
-38.78082727,-6.33616281
-38.77806805,-6.33984037
-38.77561493,-6.34413118
-38.7731623,-6.34719573
-38.76519266,-6.35362997
-38.76212583,-6.35945323
-38.76028589,-6.36251799
-38.75905878,-6.36558303
-38.7569118,-6.36987388
-38.75660393,-6.37293934
-38.75476304,-6.37784344
-38.75476187,-6.38029593
-38.7547591,-6.38612058
-38.75506277,-6.39194538
-38.75352881,-6.39562337
-38.75076921,-6.39899421
-38.74617197,-6.4002182
-38.74338529,-6.4014248
-38.74157363,-6.40358807
-38.74058432,-6.4058897
-38.74098367,-6.40682316
-38.742316,-6.40762377
-38.74411466,-6.40869125
-38.74398106,-6.4093578
-38.74297088,-6.41022311
-38.74164775,-6.41135647
-38.74064695,-6.41382243
-38.73964633,-6.41588843
-38.73891199,-6.41848784
-38.73731103,-6.42168677
-38.73704297,-6.42461973
-38.73857346,-6.42895349
-38.73830492,-6.43281971
-38.73782188,-6.43548113
-38.73750336,-6.43648567
-38.73583649,-6.43815134
-38.73610005,-6.443951
-38.73529894,-6.4466837
-38.73436484,-6.44881637
-38.7309643,-6.45221431
-38.72863103,-6.45367961
-38.72643063,-6.45587825
-38.72336469,-6.45654321
-38.72116427,-6.45874183
-38.72116332,-6.46047501
-38.7211612,-6.46434136
-38.7230227,-6.47267501
-38.72190496,-6.47410197
-38.71499503,-6.47517318
-38.71146341,-6.47547834
-38.71054138,-6.47686001
-38.71023079,-6.48300289
-38.70930768,-6.48622747
-38.71053402,-6.48976043
-38.71145328,-6.49329322
-38.71114312,-6.49866822
-38.70899222,-6.50081705
-38.70852971,-6.50404189
-38.70745424,-6.50511631
-38.70545818,-6.50496157
-38.70269573,-6.50250273
-38.70039468,-6.49881554
-38.69778482,-6.49804611
-38.69425313,-6.49819757
-38.68964821,-6.49573755
-38.68581468,-6.48744207
-38.68550817,-6.48652042
-38.68402063,-6.48519
-38.68259208,-6.48452211
-38.67983053,-6.48098813
-38.67349752,-6.47366974
-38.67123684,-6.47376456
-38.66662974,-6.47514374
-38.66279154,-6.47468048
-38.65987407,-6.47498569
-38.65849211,-6.47513834
-38.65250867,-6.46837694
-38.64452738,-6.46453203
-38.63673458,-6.45748998
-38.63340583,-6.45526641
-38.6267258,-6.45269398
-38.61721104,-6.44700463
-38.61582995,-6.44608214
-38.61483948,-6.44408019
-38.61460635,-6.43993821
-38.61384056,-6.43748042
-38.61169233,-6.43594304
-38.6090846,-6.43302312
-38.60770345,-6.43225419
-38.60622746,-6.43195772
-38.60325059,-6.43301863
-38.59802997,-6.433936
-38.59670862,-6.43223382
-38.59526916,-6.43055517
-38.59181624,-6.42878631
-38.58913073,-6.4273252
-38.58729153,-6.42348435
-38.58299475,-6.42117725
-38.57992896,-6.41549247
-38.57824692,-6.40735162
-38.57272333,-6.40366126
-38.57137307,-6.40293079
-38.56919335,-6.40240099
-38.56678883,-6.40138548
-38.56491709,-6.40003051
-38.56385364,-6.39838509
-38.56248099,-6.39767987
-38.56121541,-6.39771223
-38.55895206,-6.39853926
-38.55678618,-6.39886104
-38.55251361,-6.39828553
-38.54805529,-6.39786906
-38.54662347,-6.39838285
-38.54605873,-6.39955041
-38.54586376,-6.40056087
-38.5453833,-6.40244274
-38.54418522,-6.40261386
-38.54321914,-6.40260339
-38.54170751,-6.40198866
-38.53971435,-6.40123063
-38.53809819,-6.39964821
-38.53113186,-6.39080461
-38.5298448,-6.39069858
-38.52852574,-6.39142067
-38.52803397,-6.39222078
-38.52617563,-6.39388054
-38.52521233,-6.39361692
-38.52356974,-6.39447355
-38.52316246,-6.39596497
-38.52301994,-6.39849486
-38.52224814,-6.39966012
-38.52044251,-6.40069908
-38.51807758,-6.40239931
-38.51591639,-6.40440092
-38.51528232,-6.40559069
-38.51529104,-6.40690253
-38.51727693,-6.40832795
-38.51915457,-6.40913084
-38.51993814,-6.40900129
-38.52063222,-6.40652344
-38.52146404,-6.40618729
-38.52428926,-6.40658624
-38.52598589,-6.40711097
-38.52584088,-6.40775376
-38.52772429,-6.41014458
-38.52871164,-6.4124336
-38.52952348,-6.41393828
-38.53169994,-6.41476738
-38.53354814,-6.41616824
-38.53541988,-6.41964052
-38.53787441,-6.42028851
-38.54262695,-6.42116853
-38.54761569,-6.42573316
-38.55178856,-6.43341869
-38.55020003,-6.43777398
-38.55094978,-6.4407738
-38.5524691,-6.4428154
-38.56046218,-6.44828693
-38.56461509,-6.45146159
-38.56776217,-6.45190981
-38.56872205,-6.45463572
-38.56890749,-6.45663986
-38.56794287,-6.4607488
-38.56773664,-6.46493496
-38.56851887,-6.46920082
-38.56966357,-6.47185969
-38.57383594,-6.47751991
-38.57877056,-6.48291216
-38.58302183,-6.48553543
-38.58655576,-6.48854218
-38.58685804,-6.49038648
-38.58626531,-6.49201403
-38.5869159,-6.49356291
-38.58829921,-6.49544186
-38.59069704,-6.4971246
-38.59242003,-6.49951349
-38.59753962,-6.50328674
-38.59986604,-6.50460479
-38.60318533,-6.50497899
-38.60627305,-6.50599846
-38.60951765,-6.50990049
-38.61205041,-6.51200281
-38.61336126,-6.5141032
-38.61377117,-6.51735512
-38.61390373,-6.52104473
-38.6137842,-6.52376547
-38.61267396,-6.52604654
-38.60985848,-6.52774846
-38.60706794,-6.52825136
-38.61636333,-6.54053318
-38.61670842,-6.54101795
-38.62036969,-6.54404435
-38.62227827,-6.5473447
-38.62508587,-6.5507848
-38.62711349,-6.55168722
-38.62667206,-6.55385406
-38.6260935,-6.55523669
-38.62615862,-6.55786548
-38.62942951,-6.55996887
-38.63136582,-6.56029466
-38.63277059,-6.56142669
-38.6334364,-6.56329547
-38.63327012,-6.56647732
-38.63391186,-6.56901476
-38.63538347,-6.57169182
-38.63738609,-6.57393157
-38.6389269,-6.57660873
-38.63791021,-6.57801376
-38.63640784,-6.58036346
-38.63497622,-6.58167563
-38.63239239,-6.58252484
-38.63061686,-6.58254517
-38.62830726,-6.58498584
-38.62495054,-6.59353542
-38.62460208,-6.59519511
-38.62432355,-6.59637067
-38.62496591,-6.59849306
-38.62777644,-6.60022681
-38.62922312,-6.60414902
-38.63069433,-6.60712586
-38.63299567,-6.61012703
-38.63561966,-6.61326703
-38.6391676,-6.61541691
-38.64278775,-6.61558383
-38.64486216,-6.61623261
-38.64695842,-6.61768848
-38.64959443,-6.62825334
-38.65273097,-6.62805052
-38.65351268,-6.62961968
-38.65512512,-6.63082115
-38.65712511,-6.63504388
-38.65727877,-6.64025537
-38.65720636,-6.64242279
-38.65515281,-6.6431576
-38.65408951,-6.64481624
-38.6524049,-6.64557465
-38.65064766,-6.64861576
-38.65034432,-6.65096729
-38.65018119,-6.65209692
-38.64824405,-6.65207094
-38.64690226,-6.65485901
-38.64512063,-6.65873017
-38.64444991,-6.65999738
-38.64444627,-6.66239547
-38.64633596,-6.66332069
-38.64868196,-6.66752091
-38.65142425,-6.66893163
-38.65261774,-6.67276116
-38.65441745,-6.67221045
-38.65633085,-6.67274367
-38.65852056,-6.67357705
-38.66001908,-6.67394822
-38.66123924,-6.67540273
-38.66049818,-6.67745386
-38.66056568,-6.67858383
-38.66146301,-6.6800148
-38.66268511,-6.68017803
-38.6643906,-6.68096455
-38.66609437,-6.68292706
-38.66692004,-6.6860412
-38.66737784,-6.68839386
-38.66961101,-6.69109502
-38.67133834,-6.69275778
-38.67292661,-6.69488151
-38.67409959,-6.69711992
-38.67418884,-6.69917227
-38.67319575,-6.70009317
-38.67010129,-6.70274038
-38.67152665,-6.70587846
-38.67205368,-6.70823122
-38.67205266,-6.70892297
-38.6714514,-6.71000585
-38.66867956,-6.71279187
-38.6675927,-6.71470414
-38.66535199,-6.71702975
-38.66458733,-6.71940366
-38.66430686,-6.72189358
-38.66382,-6.72357614
-38.66208964,-6.72389639
-38.66005824,-6.72502323
-38.65844161,-6.72640433
-38.65790815,-6.72838658
-38.65622311,-6.72923722
-38.65522891,-6.73082677
-38.65603249,-6.73329525
-38.65671877,-6.7370779
-38.65666703,-6.74081332
-38.6558556,-6.74355607
-38.65442113,-6.7464593
-38.65185746,-6.74866906
-38.64984626,-6.75159445
-38.65484476,-6.75616761
-38.65186502,-6.75890709
-38.64436171,-6.76325375
-38.64092384,-6.763848
-38.63831309,-6.76656489
-38.63854063,-6.76859439
-38.63800888,-6.76937757
-38.63699379,-6.76946823
-38.63590739,-6.77091924
-38.63339124,-6.77209133
-38.63205187,-6.77303465
-38.63068807,-6.77485415
-38.62904639,-6.77734191
-38.62546855,-6.77885817
-38.62036674,-6.78131739
-38.61658329,-6.78154198
-38.614091,-6.7821606
-38.61150606,-6.78300963
-38.6131159,-6.78607898
-38.61553181,-6.78997971
-38.61608181,-6.79226338
-38.61656382,-6.793786
-38.61771752,-6.79360337
-38.62147993,-6.79215664
-38.62482611,-6.79133181
-38.62778005,-6.79055245
-38.63546132,-6.79081807
-38.63912872,-6.79110044
-38.64090497,-6.79110318
-38.64171129,-6.79179617
-38.64037159,-6.79292398
-38.63824818,-6.79365858
-38.63723068,-6.7952711
-38.63743629,-6.7965627
-38.63736477,-6.79806139
-38.63607068,-6.79951207
-38.63468482,-6.80063979
-38.63507444,-6.80227755
-38.63610884,-6.80465418
-38.63825345,-6.80516479
-38.6396599,-6.80565119
-38.63942796,-6.80645788
-38.64023299,-6.80800404
-38.64602371,-6.80773624
-38.64652939,-6.80893605
-38.6477493,-6.81073648
-38.65051706,-6.81108658
-38.65701402,-6.81674576
-38.65821095,-6.81852308
-38.65827831,-6.81974528
-38.65820577,-6.82195879
-38.65908043,-6.82327445
-38.66613615,-6.82570616
-38.66881232,-6.82566403
-38.67505602,-6.83125343
-38.67581577,-6.83231525
-38.67620647,-6.8333304
-38.67562632,-6.8356354
-38.67308497,-6.83807586
-38.67045087,-6.84081593
-38.66911082,-6.84212828
-38.66830263,-6.84261131
-38.66772339,-6.84427066
-38.67129296,-6.84858792
-38.67421768,-6.85216632
-38.67564408,-6.85488933
-38.67541041,-6.85689508
-38.67478387,-6.85933836
-38.67436603,-6.86106714
-38.67523941,-6.86332816
-38.67611477,-6.8642518
-38.67828283,-6.86471616
-38.68190503,-6.86476758
-38.68844921,-6.87042645
-38.69001641,-6.8716047
-38.69487859,-6.87580837
-38.69695556,-6.87548852
-38.69889426,-6.87505318
-38.70006953,-6.87604638
-38.70145249,-6.8770168
-38.70468361,-6.87632963
-38.70823844,-6.8751356
-38.71082328,-6.87460888
-38.71197699,-6.87454132
-38.71349915,-6.87498156
-38.71495113,-6.87611346
-38.7156638,-6.87795914
-38.71466856,-6.88019444
-38.71275079,-6.88215174
-38.71168751,-6.88353377
-38.71110866,-6.88498565
-38.71184508,-6.88634714
-38.71975903,-6.88638122
-38.72074896,-6.88797363
-38.72160148,-6.88882798
-38.72388622,-6.88846219
-38.72637927,-6.88761245
-38.72866384,-6.88736193
-38.72977046,-6.88800908
-38.73048314,-6.88990086
-38.72976432,-6.8925055
-38.72932211,-6.89529499
-38.72922762,-6.89690897
-38.73035695,-6.89783285
-38.73247999,-6.89762821
-38.73384129,-6.89765312
-38.73494722,-6.89883061
-38.73736926,-6.89934117
-38.73979167,-6.89957502
-38.74444978,-6.90163347
-38.74652487,-6.90278917
-38.74952629,-6.90140963
-38.75160149,-6.90249613
-38.75318981,-6.90535749
-38.75464264,-6.90598198
-38.75641969,-6.90570761
-38.76345017,-6.91115861
-38.76081594,-6.91406058
-38.75769979,-6.91490969
-38.75541431,-6.91575987
-38.75395899,-6.91700312
-38.75379604,-6.91808666
-38.7566098,-6.91910494
-38.75736799,-6.92159626
-38.75639671,-6.92323216
-38.75621039,-6.92454626
-38.75671468,-6.92710643
-38.75752012,-6.9287677
-38.7579561,-6.93063602
-38.75733051,-6.93259519
-38.75548104,-6.93522145
-38.75379457,-6.93671804
-38.75298458,-6.93849249
-38.75438915,-6.9408002
-38.75913898,-6.9436657
-38.76132934,-6.94507513
-38.76176411,-6.94788885
-38.7616676,-6.95111693
-38.76016404,-6.95388201
-38.75764677,-6.95537753
-38.75464357,-6.95786391
-38.7484119,-6.95863966
-38.74654182,-6.95930587
-38.74619046,-6.9632023
-38.74549212,-6.96772085
-38.74398773,-6.97099316
-38.74301521,-6.97343607
-38.74278186,-6.97534961
-38.74310237,-6.97726391
-38.74741346,-6.98054399
-38.74842404,-6.98416553
-38.75022036,-6.98698107
-38.7518097,-6.98926597
-38.75651909,-6.98814232
-38.75845578,-6.98955143
-38.7607612,-6.99137608
-38.76255813,-6.99379957
-38.75823709,-6.99792141
-38.75461387,-6.99784747
-38.74974459,-6.99765655
-38.74602589,-6.99995745
-38.73786821,-7.00692302
-38.73247108,-7.01150771
-38.72843258,-7.01393744
-38.72363872,-7.01569138
-38.71295608,-7.02027265
-38.70818367,-7.02218804
-38.70175665,-7.02579425
-38.69523485,-7.02965312
-38.69312973,-7.03016372
-38.69163289,-7.02980378
-38.69015328,-7.03006659
-38.68928571,-7.03151115
-38.68963955,-7.03315166
-38.69122784,-7.0336047
-38.69237309,-7.03453781
-38.69293466,-7.03618027
-38.69169414,-7.03801334
-38.68984834,-7.04039413
-38.68637175,-7.04192946
-38.68257637,-7.04300058
-38.67785151,-7.04473162
-38.67219669,-7.04716867
-38.66934007,-7.04903254
-38.66868011,-7.05047902
-38.66945212,-7.05426797
-38.67190613,-7.05837255
-38.67439306,-7.06143978
-38.67492345,-7.06393514
-38.67407862,-7.06540294
-38.67580374,-7.06848604
-38.67551981,-7.06922124
-38.67197872,-7.07022549
-38.67113627,-7.07143966
-38.67009195,-7.07447357
-38.66989374,-7.07834559
-38.66977829,-7.08078874
-38.66673288,-7.08306586
-38.66364783,-7.08465082
-38.66196983,-7.0863413
-38.66067763,-7.0887272
-38.65905398,-7.09198618
-38.65763355,-7.09328709
-38.65725265,-7.0945056
-38.65721731,-7.09579656
-38.65865964,-7.09705539
-38.65869618,-7.09807032
-38.65803414,-7.09972429
-38.65788186,-7.10117555
-38.65774742,-7.1031804
-38.65883019,-7.10584241
-38.66069733,-7.10855796
-38.6619985,-7.11253639
-38.66693587,-7.1152579
-38.66804334,-7.11775871
-38.66869636,-7.11949429
-38.66864599,-7.12237617
-38.66978463,-7.1240241
-38.67244175,-7.12621672
-38.67462025,-7.12775916
-38.67544013,-7.12894289
-38.67581925,-7.13035306
-38.67499149,-7.1324436
-38.67306379,-7.13367058
-38.67207247,-7.13596711
-38.67216651,-7.13822776
-38.67289947,-7.14127844
-38.67207386,-7.1431384
-38.67179856,-7.14539557
-38.67280854,-7.14844886
-38.67474888,-7.15077306
-38.67624977,-7.15318533
-38.67708275,-7.15542989
-38.67759517,-7.15739472
-38.67758362,-7.15861673
-38.6766931,-7.16001491
-38.67592433,-7.16074554
-38.67574812,-7.16228882
-38.67654279,-7.1637029
-38.6768344,-7.16460494
-38.67650008,-7.16577779
-38.67565921,-7.1668075
-38.67541178,-7.16855763
-38.67558207,-7.17008112
-38.67638806,-7.17274048
-38.67858639,-7.17465203
-38.68044499,-7.17586861
-38.68150997,-7.17800006
-38.68205423,-7.17904283
-38.68140238,-7.17961316
-38.68324859,-7.18214396
-38.68470454,-7.18444049
-38.68560056,-7.18735433
-38.68390765,-7.18814545
-38.68182902,-7.1882181
-38.67789327,-7.18691276
-38.67515955,-7.18545733
-38.67334011,-7.18497898
-38.6716777,-7.18498633
-38.66928368,-7.18667006
-38.65587738,-7.18340718
-38.6489758,-7.18322641
-38.64311903,-7.18243288
-38.63614726,-7.18960697
-38.63474821,-7.19104634
-38.63401977,-7.1923768
-38.63090224,-7.19243932
-38.62928995,-7.19203195
-38.6273138,-7.19104463
-38.62614368,-7.19027253
-38.62426642,-7.19101554
-38.62218115,-7.19177962
-38.62108528,-7.19289902
-38.62088998,-7.19400397
-38.62122413,-7.19527538
-38.62252967,-7.19637162
-38.62445216,-7.19814244
-38.62508644,-7.19941672
-38.62300778,-7.20430835
-38.61971373,-7.21073329
-38.618465,-7.21574813
-38.61822117,-7.21950435
