-39.12985987,-6.40541448
-39.13135868,-6.40737376
-39.13681461,-6.4106986
-39.13885895,-6.41240158
-39.13421989,-6.42243221
-39.13427823,-6.42858504
-39.13694789,-6.43091059
-39.13797156,-6.43314898
-39.14022289,-6.43731566
-39.14149009,-6.4394163
-39.14493196,-6.44175846
-39.14544811,-6.44303296
-39.14727938,-6.44419617
-39.14918755,-6.44425584
-39.15189589,-6.44496528
-39.15497773,-6.44489531
-39.15709333,-6.44488742
-39.15938845,-6.44550186
-39.16098441,-6.4474224
-39.16217469,-6.44818996
-39.16296977,-6.44633248
-39.16372922,-6.44624589
-39.16418271,-6.4471462
-39.165227,-6.44903979
-39.16726839,-6.44976739
-39.16858086,-6.44952372
-39.16821819,-6.44878508
-39.16849969,-6.44800502
-39.16941896,-6.44808057
-39.17155397,-6.44857881
-39.17472551,-6.44883138
-39.17718277,-6.44928588
-39.17896407,-6.45102366
-39.18026559,-6.452321
-39.1815081,-6.45221481
-39.18293309,-6.45231693
-39.18375175,-6.45361083
-39.18459292,-6.4549739
-39.1856187,-6.45624627
-39.18875738,-6.45790163
-39.19101571,-6.45722756
-39.19234142,-6.45836403
-39.19283884,-6.45956364
-39.19386141,-6.461296
-39.1977812,-6.45980559
-39.19919729,-6.46117269
-39.2014169,-6.46272947
-39.20417707,-6.46263393
-39.20582701,-6.46345062
-39.20579041,-6.46538251
-39.20483093,-6.46774492
-39.20439158,-6.47135309
-39.20381441,-6.47493729
-39.20350559,-6.47633821
-39.20514795,-6.48150217
-39.20733122,-6.48170157
-39.20844586,-6.48343454
-39.20985865,-6.48528462
-39.21161864,-6.48681511
-39.21522994,-6.48670249
-39.21628047,-6.48774495
-39.22011206,-6.48901394
-39.22700243,-6.49025833
-39.22912318,-6.49282636
-39.22883355,-6.49477947
-39.22673189,-6.49605285
-39.22683093,-6.49833071
-39.228983,-6.50085
-39.22689911,-6.50371991
-39.226956,-6.50669072
-39.22846696,-6.50879243
-39.22986961,-6.50923571
-39.22787184,-6.51355672
-39.22604069,-6.51654281
-39.22566456,-6.51842954
-39.22602596,-6.52013507
-39.22722245,-6.5203242
-39.22894897,-6.52040036
-39.23065096,-6.52084485
-39.2323958,-6.52207245
-39.23490063,-6.5232571
-39.23696848,-6.52432482
-39.23874369,-6.52375636
-39.23970977,-6.52399058
-39.2409701,-6.52546948
-39.24267343,-6.52559155
-39.2439436,-6.52465259
-39.24553545,-6.52387612
-39.2474239,-6.52376865
-39.2485036,-6.52437175
-39.24902513,-6.52635424
-39.25054202,-6.52702819
-39.25268151,-6.52747438
-39.25372618,-6.52536007
-39.25485883,-6.52425933
-39.25759871,-6.5242704
-39.26033877,-6.52423541
-39.26247742,-6.5248888
-39.26546408,-6.52651276
-39.26799999,-6.52571699
-39.27061966,-6.52699403
-39.2725723,-6.52810718
-39.27512652,-6.52848586
-39.27616492,-6.52791432
-39.27982403,-6.52836648
-39.28179139,-6.52579525
-39.28466804,-6.52615213
-39.28624882,-6.5281388
-39.28814812,-6.53109388
-39.28882787,-6.53385989
-39.28872158,-6.53742874
-39.28995119,-6.54088775
-39.29040272,-6.54314625
-39.29006281,-6.54756618
-39.29254771,-6.5480366
-39.29493895,-6.5488981
-39.2966337,-6.55120756
-39.29712859,-6.55415704
-39.29481824,-6.56193118
-39.29535964,-6.56476571
-39.29448438,-6.56483133
-39.29358491,-6.5651962
-39.2939219,-6.56731607
-39.29619264,-6.56955873
-39.2999522,-6.57381065
-39.30194441,-6.57662787
-39.30523293,-6.57772312
-39.30720868,-6.57888227
-39.3078469,-6.58054276
-39.30802206,-6.5828462
-39.30917114,-6.5834264
-39.31105807,-6.5837562
-39.3119468,-6.58613151
-39.31242494,-6.58751504
-39.31241257,-6.59066975
-39.31267968,-6.59301959
-39.31266649,-6.59638154
-39.31288565,-6.59921478
-39.31511075,-6.6014111
-39.31696995,-6.60296122
-39.3170562,-6.60445834
-39.31617583,-6.60581351
-39.3148153,-6.60629176
-39.31301849,-6.60644591
-39.3109878,-6.60752023
-39.30823752,-6.61004244
-39.30712538,-6.61176513
-39.3058582,-6.61192134
-39.30284098,-6.61204762
-39.30139393,-6.61109779
-39.29953411,-6.6097088
-39.29739296,-6.60958521
-39.29501779,-6.61040481
-39.29436854,-6.61153058
-39.29429253,-6.61328037
-39.29375741,-6.6146599
-39.29279984,-6.61804114
-39.29198518,-6.62022552
-39.28415461,-6.62620461
-39.28013768,-6.62867558
-39.27886567,-6.63002913
-39.27925257,-6.63118205
-39.28026383,-6.63169268
-39.28272419,-6.6326466
-39.28403199,-6.63387226
-39.28453003,-6.63603882
-39.28378595,-6.637832
-39.2827846,-6.64061434
-39.281372,-6.64256605
-39.28143165,-6.64493812
-39.27934328,-6.6488675
-39.27924162,-6.65126195
-39.28087546,-6.65159084
-39.28326912,-6.6519688
-39.28400342,-6.65263952
-39.28468938,-6.65388572
-39.28662016,-6.65483751
-39.28827459,-6.6557882
-39.29023014,-6.65630256
-39.2903846,-6.6580072
-39.2904038,-6.65897443
-39.29009866,-6.66042394
-39.28910196,-6.66203191
-39.28902812,-6.66322905
-39.28971548,-6.66412984
-39.29150794,-6.66512712
-39.29168015,-6.66816742
-39.29180539,-6.6714378
-39.29078665,-6.67279239
-39.29093975,-6.67484243
-39.29265888,-6.6769217
-39.29442801,-6.67801098
-39.29792321,-6.67942945
-39.30192312,-6.68135648
-39.30479308,-6.68364748
-39.30657967,-6.68616448
-39.30756406,-6.68768814
-39.30982071,-6.68781213
-39.31104283,-6.68744848
-39.31228906,-6.68680859
-39.3137405,-6.68669914
-39.31486734,-6.68714106
-39.31550844,-6.68811072
-39.31557142,-6.68967682
-39.31492077,-6.69114803
-39.31544582,-6.6923475
-39.31680173,-6.6931127
-39.31727838,-6.69491069
-39.31702,-6.69619921
-39.31643655,-6.69815425
-39.31721254,-6.69997644
-39.31711592,-6.70112743
-39.31506407,-6.70162602
-39.3151211,-6.7047119
-39.31566623,-6.70667135
-39.31646167,-6.70941471
-39.31911873,-6.71320155
-39.32416956,-6.7174352
-39.32494418,-6.7196258
-39.32459241,-6.72123635
-39.32591734,-6.72407385
-39.32784061,-6.72705183
-39.32877774,-6.72892067
-39.32861088,-6.73037074
-39.32901665,-6.73265201
-39.32935198,-6.73527842
-39.32875015,-6.73603599
-39.32674165,-6.73720259
-39.32530442,-6.73954579
-39.32300173,-6.73935263
-39.32115757,-6.73971389
-39.31832313,-6.74002524
-39.31590374,-6.74022305
-39.31354815,-6.74177971
-39.31191344,-6.74158911
-39.31030249,-6.74121437
-39.30722061,-6.74000488
-39.30347447,-6.73784865
-39.2992684,-6.73550635
-39.29760969,-6.7355689
-39.29758321,-6.73644384
-39.29932726,-6.73810867
-39.30122876,-6.74074127
-39.30147344,-6.74295285
-39.30031846,-6.74377729
-39.29875132,-6.74397837
-39.29739002,-6.7445487
-39.29720058,-6.74586051
-39.29820647,-6.74779876
-39.29930197,-6.75038213
-39.29874252,-6.75206092
-39.2992452,-6.75309913
-39.30122311,-6.75388984
-39.30478889,-6.75507823
-39.3067174,-6.75672073
-39.30897329,-6.75712102
-39.3117794,-6.75819125
-39.31376374,-6.75734699
-39.31444921,-6.75877736
-39.3149038,-6.76034499
-39.3148984,-6.7617266
-39.31769962,-6.76406328
-39.31963377,-6.76427805
-39.32043713,-6.76501805
-39.32167271,-6.76716439
-39.32813118,-6.77091985
-39.33047902,-6.77138948
-39.33110597,-6.77010239
-39.33283986,-6.76849718
-39.33510026,-6.76774601
-39.33631501,-6.76933957
-39.33737428,-6.76943577
-39.33765434,-6.76849273
-39.33830688,-6.76653793
-39.34109344,-6.76673288
-39.3428847,-6.76816745
-39.34580595,-6.76928397
-39.34707431,-6.7689204
-39.34747218,-6.767287
-39.34835891,-6.76431989
-39.35010897,-6.76448778
-39.35072783,-6.7652961
-39.35217253,-6.76700564
-39.35541821,-6.76761675
-39.35739011,-6.77001909
-39.35911101,-6.77179874
-39.36095525,-6.77143733
-39.3619513,-6.76999041
-39.36239624,-6.76808085
-39.36353793,-6.76467717
-39.36606477,-6.7604728
-39.36759753,-6.7632649
-39.3693413,-6.76509066
-39.3740993,-6.76782586
-39.38129797,-6.77086955
-39.38149188,-6.76831428
-39.38230401,-6.76675149
-39.38291125,-6.76454318
-39.38564948,-6.76533639
-39.38760262,-6.76663323
-39.38882798,-6.76544042
-39.39000795,-6.76406322
-39.39206126,-6.76321891
-39.39296747,-6.76112683
-39.39422048,-6.75869065
-39.39627488,-6.75754697
-39.39805188,-6.75644956
-39.39904299,-6.75634966
-39.400135,-6.75842954
-39.40241637,-6.76040935
-39.40314563,-6.76203983
-39.4035057,-6.76432084
-39.4046059,-6.76579866
-39.40610912,-6.76703842
-39.40617305,-6.76761187
-39.4065475,-6.77190323
-39.40458454,-6.77568443
-39.40217723,-6.79080465
-39.4006188,-6.79355163
-39.39840158,-6.79745979
-39.39685986,-6.79857032
-39.39402334,-6.79995087
-39.39293431,-6.80163618
-39.39253973,-6.80401453
-39.39160414,-6.80819928
-39.39205998,-6.81076901
-39.39387734,-6.81363999
-39.39760481,-6.81560324
-39.39929069,-6.81639452
-39.40028315,-6.81778088
-39.40018533,-6.81936631
-39.39942618,-6.82175512
-39.39902768,-6.82300905
-39.39959646,-6.82650085
-39.40143742,-6.83132519
-39.40307116,-6.83254209
-39.40545146,-6.83382818
-39.40781059,-6.83494508
-39.41008179,-6.83766442
-39.41150374,-6.83976808
-39.41159724,-6.84098913
-39.41041536,-6.84224611
-39.40932579,-6.84333696
-39.40724704,-6.84700483
-39.40630475,-6.84795648
-39.39902589,-6.85056155
-39.39382896,-6.85524398
-39.38703371,-6.86019972
-39.38584563,-6.86218235
-39.38535168,-6.8643626
-39.38575056,-6.86723572
-39.38684199,-6.86832477
-39.38833233,-6.87228692
-39.38991974,-6.87367281
-39.39071361,-6.87456392
-39.39153187,-6.87716541
-39.39229612,-6.87823357
-39.39680973,-6.88454192
-39.40377373,-6.89088572
-39.41104191,-6.89889213
-39.41331398,-6.90221616
-39.41407222,-6.90433204
-39.41361916,-6.90523952
-39.41180392,-6.90539228
-39.40514665,-6.90433971
-39.40140627,-6.90455695
-39.39787625,-6.90378776
-39.39519899,-6.90349274
-39.39351337,-6.90339505
-39.39281974,-6.90389104
-39.39274286,-6.9058619
-39.39399088,-6.90933715
-39.39451209,-6.9121136
-39.39411688,-6.91379835
-39.39203594,-6.91528632
-39.38815749,-6.91606447
-39.3813132,-6.91657095
-39.37953809,-6.91670229
-39.37671574,-6.91691111
-39.37458787,-6.91857014
-39.37349743,-6.91886825
-39.3719106,-6.91837407
-39.3697291,-6.9181776
-39.36635709,-6.91709029
-39.36476959,-6.91570433
-39.3628839,-6.91332775
-39.36104958,-6.912553
-39.35780073,-6.91118078
-39.3482683,-6.90907129
-39.34297402,-6.906651
-39.34100431,-6.90575053
-39.33903775,-6.90590311
-39.33707172,-6.9068116
-39.33646776,-6.90847503
-39.33919453,-6.91361331
-39.34148119,-6.91647486
-39.34177213,-6.92162413
-39.33920521,-6.92858036
-39.33900002,-6.92959518
-39.34118263,-6.93127805
-39.34197652,-6.93216924
-39.34346543,-6.93434802
-39.34556477,-6.93598371
-39.3466403,-6.9369219
-39.34753554,-6.94078553
-39.34723952,-6.94276743
-39.34615016,-6.94465083
-39.34545656,-6.94534493
-39.34466344,-6.94554367
-39.3434734,-6.94534637
-39.34224246,-6.94445232
-39.34119205,-6.94435717
-39.34072984,-6.94490696
-39.34020275,-6.94752858
-39.33952274,-6.94944329
-39.33958813,-6.95069574
-39.33980047,-6.95476257
-39.33802728,-6.95595229
-39.33753239,-6.95724074
-39.33842541,-6.95803278
-39.34001255,-6.95882432
-39.3422944,-6.96040802
-39.34259268,-6.96149773
-39.34338618,-6.9617944
-39.34467449,-6.96070354
-39.34606093,-6.95822543
-39.34741969,-6.95698581
-39.34853856,-6.95634101
-39.35290979,-6.95608679
-39.35556502,-6.95593235
-39.35815771,-6.9571265
-39.35995474,-6.95865031
-39.36173052,-6.96108715
-39.36292251,-6.9637615
-39.36343892,-6.96424138
-39.36475269,-6.96495113
-39.36707166,-6.96620393
-39.37448758,-6.96891938
-39.38118548,-6.97228458
-39.384462,-6.97671211
-39.39081318,-6.98259571
-39.39237947,-6.9893517
-39.40227359,-7.00077875
-39.42725881,-7.0158306
-39.4478009,-7.01937483
-39.44887476,-7.0217801
-39.45456621,-7.02391784
-39.4568939,-7.02445554
-39.45901294,-7.02424174
-39.46155782,-7.02603896
-39.46600964,-7.0274108
-39.46791772,-7.02814996
-39.47003805,-7.02920649
-39.47276245,-7.03057185
-39.47926045,-7.03269071
-39.48328786,-7.03342763
-39.48456009,-7.0340615
-39.48890718,-7.03649188
-39.49123997,-7.03797155
-39.49198195,-7.0381825
-39.49283034,-7.0388168
-39.49387361,-7.04235895
-39.49538205,-7.04685985
-39.49453813,-7.05046015
-39.49636157,-7.05221776
-39.49720534,-7.05358428
-39.49696347,-7.05545395
-39.49573509,-7.05716218
-39.49394616,-7.05811075
-39.49321114,-7.06000488
-39.49317275,-7.06200088
-39.49500399,-7.06273782
-39.49881227,-7.06285021
-39.50091871,-7.06438862
-39.50335017,-7.065907
-39.50568328,-7.06802239
-39.50971355,-7.07055814
-39.51066858,-7.0717216
-39.5117197,-7.07476774
-39.51247432,-7.07553074
-39.51460394,-7.076684
-39.51772891,-7.07907983
-39.51896368,-7.08206857
-39.52123274,-7.0843545
-39.52266147,-7.08769383
-39.52510299,-7.09129046
-39.52775543,-7.09393406
-39.52977324,-7.09763701
-39.53231902,-7.09964552
-39.53391017,-7.10091406
-39.53636363,-7.10120432
-39.53846874,-7.10217916
-39.53984819,-7.10365965
-39.54091281,-7.10778711
-39.54176214,-7.10905648
-39.54303478,-7.10979604
-39.54483745,-7.11064084
-39.54759383,-7.11137863
-39.55172823,-7.1123265
-39.55501683,-7.11496917
-39.5566091,-7.11708453
-39.55788447,-7.12004718
-39.56000669,-7.12216188
-39.5632976,-7.12660416
-39.56389868,-7.12929591
-39.56892613,-7.13580738
-39.57486598,-7.13950524
-39.57667042,-7.14162025
-39.57731019,-7.14468948
-39.57684574,-7.14665568
-39.57753094,-7.15167617
-39.58135528,-7.15855246
-39.58432775,-7.1622539
-39.58492479,-7.17280662
-39.57890915,-7.18989427
-39.57077591,-7.19861916
-39.55967999,-7.20943674
-39.54317647,-7.2207971
-39.53795248,-7.22325372
-39.53074825,-7.22614129
-39.52750496,-7.22626501
-39.52185896,-7.22627151
-39.51892285,-7.22649556
-39.51561546,-7.22903778
-39.51264004,-7.23238503
-39.51117948,-7.23684045
-39.51090776,-7.24400665
-39.51382663,-7.25271812
-39.51791458,-7.26607608
-39.52490257,-7.27129688
-39.54236937,-7.28115298
-39.55749944,-7.28287753
-39.5929987,-7.28806119
-39.6483082,-7.311805
-39.65368243,-7.32145038
-39.66056234,-7.31894623
-39.69076813,-7.31525154
-39.718003,-7.31890682
-39.74013435,-7.31986322
-39.75892747,-7.32191235
-39.77709793,-7.33008454
-39.79665135,-7.3319221
-39.8122454,-7.329033
-39.8288315,-7.33249124
-39.84922579,-7.32523314
-39.88982299,-7.3270312
-39.90977946,-7.33749197
-39.93008556,-7.34300263
-39.94495624,-7.34950097
-39.99525667,-7.37269689
-40.00068085,-7.37440005
-40.00150204,-7.38612334
-40.0214137,-7.39715353
-40.07173392,-7.39790589
-40.24445372,-7.43187906
-40.24779569,-7.42872634
-40.26473318,-7.40069867
-40.26661752,-7.3983331
-40.27037899,-7.39361092
-40.27438866,-7.38910042
-40.27807596,-7.38659174
-40.28886283,-7.38718772
-40.36292721,-7.35421757
-40.36272118,-7.35789895
-40.36329827,-7.3603606
-40.36463592,-7.36284496
-40.37136813,-7.36939963
-40.37976062,-7.37756402
-40.38962824,-7.38526738
-40.39421492,-7.38574847
-40.40850543,-7.38799646
-40.42125148,-7.38957755
-40.43395127,-7.39083618
-40.44121122,-7.39090116
-40.44529033,-7.39043869
-40.44902375,-7.39004541
-40.45144324,-7.38926176
-40.4988262,-7.38712011
-40.54401656,-7.39124899
-40.5433075,-7.38803709
-40.54299961,-7.38346227
-40.54237812,-7.38119413
-40.53940117,-7.3737501
-40.53829391,-7.36993415
-40.53699525,-7.36156945
-40.53676106,-7.34802971
-40.53575837,-7.33854506
-40.53630653,-7.33334089
-40.53563578,-7.32824152
-40.53549722,-7.32603049
-40.53579844,-7.32168968
-40.53685003,-7.31746703
-40.53880241,-7.31197603
-40.54251385,-7.30776137
-40.54467389,-7.30215733
-40.54489355,-7.30191533
-40.54939666,-7.2977885
-40.55454899,-7.29450509
-40.5619337,-7.28786503
-40.57126849,-7.28158488
-40.57644633,-7.27499564
-40.57936343,-7.2723117
-40.59346585,-7.24753023
-40.60118338,-7.19387841
-40.55426426,-7.08429015
-40.53306271,-7.0313551
-40.52770248,-7.02152151
-40.52120471,-7.01099785
-40.51749586,-7.00911775
-40.51272753,-7.00660716
-40.50800383,-7.00401374
-40.49839819,-6.99997459
-40.49423429,-6.9916594
-40.49351193,-6.98787372
-40.49322582,-6.98172902
-40.49252931,-6.97954928
-40.49192388,-6.97895235
-40.49056832,-6.97792727
-40.48905521,-6.97715296
-40.48743052,-6.97665293
-40.4840646,-6.9741211
-40.48043867,-6.97235247
-40.47416481,-6.96545872
-40.46875378,-6.96207509
-40.46084771,-6.95541703
-40.45353654,-6.95113299
-40.44578793,-6.94361135
-40.44463832,-6.94350001
-40.44440829,-6.94344329
-40.44394859,-6.94344469
-40.44325833,-6.94321711
-40.44279863,-6.94321851
-40.44256825,-6.94304694
-40.4418787,-6.94304904
-40.4416485,-6.9429349
-40.44126796,-6.94293545
-40.43969388,-6.94265373
-40.4379679,-6.94196992
-40.43681742,-6.94157146
-40.43520603,-6.94077244
-40.43359394,-6.93974373
-40.43126244,-6.93834395
-40.42904658,-6.93717349
-40.42749181,-6.93608717
-40.42680113,-6.93571601
-40.426341,-6.93557384
-40.42536207,-6.93488772
-40.42361463,-6.93435816
-40.4232463,-6.93203824
-40.42340256,-6.92907188
-40.42682311,-6.91219069
-40.42830648,-6.91119761
-40.42863381,-6.910208
-40.43209845,-6.9090442
-40.4342414,-6.90771958
-40.43621322,-6.90441821
-40.43571331,-6.90293678
-40.43234149,-6.88571821
-40.43134423,-6.88357916
-40.43117456,-6.88344962
-40.43036017,-6.88268182
-40.42969156,-6.88178435
-40.42918905,-6.88078448
-40.42868871,-6.87913825
-40.42504929,-6.87700706
-40.42454897,-6.87536083
-40.4248763,-6.87437122
-40.42570051,-6.87387445
-40.42618658,-6.87074233
-40.426509,-6.86810501
-40.4264739,-6.86222648
-40.42910323,-6.85793457
-40.43024391,-6.85282324
-40.42990825,-6.85101174
-40.42974263,-6.85084746
-40.42511661,-6.85003734
-40.41933031,-6.84774765
-40.41338329,-6.8469413
-40.40875972,-6.84695487
-40.40380251,-6.84581596
-40.40363786,-6.84598121
-40.40181857,-6.84499787
-40.39188417,-6.83579933
-40.38906848,-6.83284151
-40.38558758,-6.82823783
-40.37910224,-6.81515626
-40.37892314,-6.81488313
-40.3785111,-6.81423738
-40.3781104,-6.81358454
-40.37772116,-6.81292481
-40.37734349,-6.81225839
-40.37697753,-6.81158548
-40.37662337,-6.81090629
-40.37628112,-6.81022102
-40.37396385,-6.8082503
-40.36945109,-6.80005348
-40.37153681,-6.7992662
-40.37307238,-6.79838477
-40.37459233,-6.79747667
-40.37609618,-6.7965422
-40.37758348,-6.79558163
-40.37905378,-6.79459526
-40.38050663,-6.79358339
-40.38169685,-6.7927259
-40.38873675,-6.79036167
-40.39212879,-6.79009148
-40.39393833,-6.7905164
-40.39564655,-6.79124896
-40.39609127,-6.79150142
-40.40265874,-6.79680899
-40.40365131,-6.79746522
-40.40496296,-6.79899707
-40.40630116,-6.8005058
-40.40766551,-6.80199096
-40.40905559,-6.80345208
-40.4104425,-6.80486031
-40.41210666,-6.80784669
-40.41375971,-6.8099586
-40.41607711,-6.8119291
-40.42086092,-6.81319068
-40.4240075,-6.81355352
-40.42813245,-6.81255271
-40.43669977,-6.80626597
-40.43735971,-6.80552342
-40.43803252,-6.8047925
-40.43871799,-6.80407342
-40.43941591,-6.80336642
-40.44012606,-6.80267169
-40.44084823,-6.80198945
-40.4415822,-6.80131992
-40.44196761,-6.8009776
-40.44229046,-6.79850506
-40.44371565,-6.79590042
-40.44509514,-6.79327132
-40.4464285,-6.79061855
-40.44771534,-6.78794292
-40.44895524,-6.78524525
-40.45014785,-6.78252636
-40.4512928,-6.77978708
-40.45187023,-6.77835233
-40.45286637,-6.77486496
-40.45380146,-6.77136075
-40.45467523,-6.76784076
-40.4554874,-6.76430606
-40.45564118,-6.76360314
-40.45662485,-6.7612934
-40.45565238,-6.75806795
-40.45548088,-6.75592644
-40.45566974,-6.75307337
-40.45563514,-6.75230102
-40.45529511,-6.74900661
-40.45743636,-6.74735251
-40.46337169,-6.74469841
-40.46832188,-6.74385968
-40.47608617,-6.74078473
-40.47755632,-6.74037165
-40.47952737,-6.73707029
-40.48067147,-6.73327713
-40.48461996,-6.72881639
-40.48478154,-6.72766251
-40.48609618,-6.72568129
-40.48736562,-6.72595633
-40.48866355,-6.7260068
-40.48873848,-6.7260028
-40.49485301,-6.72812614
-40.49684155,-6.73059158
-40.49899266,-6.73223267
-40.50004566,-6.73131039
-40.50562367,-6.73111266
-40.51081755,-6.73066466
-40.51712377,-6.72990467
-40.52033758,-6.72915423
-40.52836967,-6.72653753
-40.53751633,-6.72434911
-40.53751651,-6.72440653
-40.53774626,-6.72440581
-40.5382054,-6.72428952
-40.53843479,-6.72417396
-40.53889429,-6.72417251
-40.53912368,-6.72405695
-40.53958281,-6.72394066
-40.54004231,-6.72393921
-40.5402717,-6.72382365
-40.54073084,-6.72370736
-40.54119034,-6.72370591
-40.54141954,-6.72353292
-40.54187904,-6.72353148
-40.54210843,-6.72341591
-40.5426828,-6.7234141
-40.55458283,-6.72103708
-40.56039317,-6.72003135
-40.56669884,-6.71920903
-40.57584865,-6.71819238
-40.59266742,-6.71721243
-40.59686912,-6.71608804
-40.60354581,-6.7153258
-40.61145455,-6.71307851
-40.61947801,-6.70817749
-40.6314466,-6.69949937
-40.63465063,-6.69597166
-40.63921159,-6.6913904
-40.64437984,-6.6835369
-40.64778505,-6.67960963
-40.64872578,-6.67971462
-40.65147922,-6.6800303
-40.65554006,-6.68044721
-40.66051894,-6.6809922
-40.66613924,-6.68150767
-40.67111367,-6.68161722
-40.67480455,-6.68171695
-40.679851,-6.68214647
-40.68377009,-6.68215213
-40.68759563,-6.68197541
-40.69336077,-6.68097676
-40.69788983,-6.68012824
-40.70479737,-6.67879692
-40.70984067,-6.67670567
-40.71509488,-6.67507047
-40.72100293,-6.67239736
-40.72478574,-6.67031899
-40.7292141,-6.66640085
-40.7343095,-6.66272784
-40.73433052,-6.66254431
-40.73693768,-6.65981356
-40.74011434,-6.65675611
-40.7421511,-6.6520607
-40.74434798,-6.64734071
-40.74502319,-6.63952029
-40.74468617,-6.63574308
-40.74383015,-6.6305277
-40.74194664,-6.62566665
-40.73996798,-6.62046286
-40.7382771,-6.6164934
-40.73642468,-6.61241103
-40.73594726,-6.60833737
-40.73463777,-6.60492292
-40.73597618,-6.60119898
-40.73683671,-6.59807318
-40.73854584,-6.59177377
-40.73878719,-6.59004533
-40.73877515,-6.58659016
-40.73918777,-6.58208463
-40.7393018,-6.58185456
-40.73924379,-6.58168251
-40.7393002,-6.58139523
-40.73941423,-6.58116517
-40.7396401,-6.58007347
-40.73979241,-6.57884631
-40.73992257,-6.5787519
-40.73992098,-6.57829257
-40.73997759,-6.57806271
-40.7399744,-6.57714405
-40.74008882,-6.57702882
-40.74019444,-6.57684014
-40.74031688,-6.57656869
-40.740771,-6.57507428
-40.74088503,-6.57484421
-40.74082682,-6.57461475
-40.74105488,-6.57415462
-40.74128214,-6.57346483
-40.74151019,-6.5730047
-40.74156681,-6.57277484
-40.74196551,-6.57185479
-40.74213695,-6.57162452
-40.74242182,-6.57099195
-40.74265008,-6.57058924
-40.74270669,-6.57035937
-40.74293555,-6.57012891
-40.74312143,-6.56966429
-40.74465957,-6.56708024
-40.7487185,-6.56101949
-40.75265739,-6.55594637
-40.75697019,-6.5517974
-40.76424397,-6.5458487
-40.77361058,-6.53742467
-40.77725696,-6.5342957
-40.77742797,-6.53395061
-40.77817185,-6.53325899
-40.7783003,-6.53309836
-40.77864421,-6.53283889
-40.77885872,-6.53268241
-40.77937397,-6.53227868
-40.77954518,-6.53199099
-40.77965979,-6.53193317
-40.77995459,-6.53162904
-40.78011764,-6.53152964
-40.78137615,-6.53026205
-40.78217722,-6.52951281
-40.78252024,-6.52910969
-40.78297808,-6.52870616
-40.78309269,-6.52864834
-40.78377915,-6.52795693
-40.78419053,-6.52740428
-40.7844656,-6.52726551
-40.78458,-6.52715027
-40.78839606,-6.52250934
-40.79036013,-6.51855364
-40.79158541,-6.51546435
-40.79182363,-6.51293384
-40.79144184,-6.50985026
-40.79094033,-6.5078777
-40.79018858,-6.50504225
-40.79018421,-6.50380825
-40.79017963,-6.50251256
-40.79046564,-6.5011948
-40.79289045,-6.49107585
-40.79412987,-6.48685099
-40.79628028,-6.47734524
-40.79748282,-6.46594576
-40.7979563,-6.4536721
-40.79740901,-6.44190845
-40.79675279,-6.4371739
-40.79518516,-6.43080037
-40.79511215,-6.42883361
-40.79525798,-6.42548303
-40.79784605,-6.41947363
-40.80031785,-6.41306167
-40.80127236,-6.40891186
-40.80232945,-6.40290251
-40.80331335,-6.39427089
-40.80265704,-6.38778828
-40.8001419,-6.3824345
-40.79766329,-6.37602465
-40.79514847,-6.37103506
-40.79026444,-6.36447936
-40.78614595,-6.35730437
-40.78301154,-6.35162263
-40.78177256,-6.34812623
-40.78093447,-6.34357358
-40.78148171,-6.33297531
-40.78170058,-6.32875048
-40.78348701,-6.3202646
-40.785674,-6.31545712
-40.79278137,-6.30653451
-40.79868572,-6.29990616
-40.80367873,-6.29462548
-40.80848946,-6.29040101
-40.81712663,-6.28176959
-40.82098956,-6.27681658
-40.82390504,-6.27215483
-40.82536259,-6.2688043
-40.826128,-6.26796657
-40.8301731,-6.254892
-40.83509265,-6.24079771
-40.83979327,-6.22728599
-40.84263548,-6.22189598
-40.84514967,-6.21552251
-40.84933989,-6.20171956
-40.85323849,-6.18849937
-40.85473238,-6.17527921
-40.8544409,-6.17120024
-40.85309295,-6.16154907
-40.85236441,-6.15747008
-40.85141711,-6.15492061
-40.84817476,-6.14927555
-40.84467754,-6.14199147
-40.84413119,-6.13875018
-40.84413135,-6.13503543
-40.84529742,-6.13008247
-40.84730135,-6.12633132
-40.85138177,-6.12152422
-40.8556445,-6.11347567
-40.86029008,-6.10421681
-40.83539921,-6.10399495
-40.82994856,-6.1038037
-40.82743747,-6.10507113
-40.82493948,-6.10618114
-40.80848651,-6.10709461
-40.80721519,-6.10670163
-40.80594013,-6.10519634
-40.80545697,-6.10313224
-40.806243,-6.10082552
-40.80925333,-6.09906749
-40.81239658,-6.09645465
-40.81067916,-6.09324995
-40.80755152,-6.09340534
-40.80574924,-6.09348301
-40.80482877,-6.09195733
-40.80309217,-6.09148647
-40.80152327,-6.09259079
-40.7993575,-6.09299005
-40.79791177,-6.09137565
-40.79605981,-6.0906541
-40.79473406,-6.09020397
-40.79246989,-6.08918755
-40.79024952,-6.08780544
-40.78773792,-6.08749831
-40.78512084,-6.0889048
-40.78302546,-6.08969194
-40.77912857,-6.09071654
-40.77761707,-6.08962775
-40.77622423,-6.089452
-40.77485696,-6.08982432
-40.77282327,-6.08926348
-40.7709306,-6.08952421
-40.76987571,-6.08847879
-40.76656012,-6.08928894
-40.76475404,-6.08959584
-40.76324749,-6.08940011
-40.76191891,-6.08988903
-40.75980076,-6.09069905
-40.75759145,-6.09153235
-40.75649967,-6.09224588
-40.75346285,-6.09187269
-40.75108812,-6.09156472
-40.75067784,-6.09165812
-40.74955825,-6.09136674
-40.74889073,-6.09020513
-40.74774595,-6.0894342
-40.74610074,-6.08898553
-40.74468711,-6.08922095
-40.74422938,-6.08894912
-40.74417392,-6.08696216
-40.74501199,-6.08570172
-40.7455985,-6.08432831
-40.74522497,-6.08307026
-40.74426889,-6.081961
-40.74363365,-6.0818836
-40.74220313,-6.08133204
-40.741011,-6.08085916
-40.73928131,-6.08045363
-40.73733781,-6.07966377
-40.73588945,-6.0774781
-40.7346685,-6.07513142
-40.73365854,-6.07392578
-40.73257222,-6.07302033
-40.73106931,-6.07174571
-40.73085452,-6.06982805
-40.73041492,-6.06859675
-40.73081634,-6.0666989
-40.73284466,-6.06618639
-40.73450621,-6.06533306
-40.7352755,-6.06400444
-40.73558462,-6.06190147
-40.73459415,-6.06001047
-40.73394078,-6.05706709
-40.7328123,-6.05494834
-40.73084216,-6.05335909
-40.73058781,-6.05267509
-40.73028343,-6.05221065
-40.72901275,-6.05197633
-40.72806158,-6.05237663
-40.72695191,-6.05285689
-40.72552224,-6.05254362
-40.72456213,-6.05231634
-40.72394259,-6.05161127
-40.72377182,-6.05119846
-40.72321371,-6.05040569
-40.72297459,-6.05008863
-40.72233762,-6.04945501
-40.72154116,-6.04858354
-40.72066458,-6.04747395
-40.71944854,-6.04715623
-40.71757184,-6.04600045
-40.71498794,-6.04487096
-40.71379611,-6.04378035
-40.71405913,-6.04185353
-40.71437536,-6.04145526
-40.71508718,-6.04065847
-40.71525608,-6.04057973
-40.71738236,-6.03858539
-40.71896869,-6.03765628
-40.72419597,-6.03475002
-40.72657398,-6.03378903
-40.72811659,-6.03260914
-40.72849548,-6.03185294
-40.72899977,-6.03117409
-40.72961416,-6.03059322
-40.73031997,-6.03012798
-40.73056454,-6.0300046
-40.73206297,-6.02769221
-40.73163475,-6.02416323
-40.73223917,-6.02178471
-40.73383237,-6.02009983
-40.735334,-6.0181087
-40.73699385,-6.01595816
-40.73738713,-6.01484455
-40.73769551,-6.01198322
-40.73673699,-6.00840016
-40.73550191,-6.00604728
-40.73470222,-6.00355289
-40.73812994,-6.00022701
-40.73778463,-5.99702793
-40.73930912,-5.99340225
-40.74618684,-5.99076296
-40.74696464,-5.98517642
-40.74555748,-5.98059076
-40.74448232,-5.97960426
-40.7432524,-5.97881967
-40.74190509,-5.97826082
-40.74048132,-5.97794469
-40.73934537,-5.97787306
-40.73810875,-5.97461247
-40.73656208,-5.97544814
-40.73470783,-5.97413865
-40.73265465,-5.97317142
-40.7304649,-5.97257584
-40.72820512,-5.97236999
-40.72682992,-5.97243812
-40.72065694,-5.96599196
-40.71947028,-5.9661386
-40.71608917,-5.9689785
-40.7133937,-5.968977
-40.71289829,-5.96699118
-40.71561123,-5.96342474
-40.71529627,-5.96217955
-40.71477014,-5.96100804
-40.71404882,-5.95994579
-40.71315423,-5.95902509
-40.71285626,-5.95878098
-40.71417605,-5.95524846
-40.71160152,-5.95030592
-40.71356511,-5.9501989
-40.7141029,-5.94598645
-40.71665136,-5.94184958
-40.71544922,-5.94002945
-40.71259887,-5.94064664
-40.71071099,-5.93876331
-40.70818815,-5.94036132
-40.70754519,-5.93993186
-40.70449416,-5.93300066
-40.70414462,-5.92977128
-40.70008267,-5.92626832
-40.69938651,-5.92487869
-40.6987762,-5.91973751
-40.69906678,-5.91456833
-40.69925101,-5.91344437
-40.69589152,-5.91230237
-40.69238502,-5.91176182
-40.68889147,-5.91183338
-40.68405296,-5.91181002
-40.67870043,-5.91424616
-40.67624643,-5.91588923
-40.67476273,-5.9160152
-40.6686122,-5.91559722
-40.66623342,-5.91509428
-40.6648694,-5.91322807
-40.66452522,-5.91169886
-40.66485974,-5.90999758
-40.6673966,-5.90658943
-40.6719644,-5.90096482
-40.67382657,-5.89908892
-40.67668041,-5.89601159
-40.67708743,-5.89331505
-40.67710905,-5.89179928
-40.6812696,-5.88641491
-40.68431867,-5.8790952
-40.68370654,-5.87835029
-40.68323289,-5.87751025
-40.68291211,-5.87660061
-40.68275394,-5.87564902
-40.68276319,-5.87468437
-40.68293957,-5.87373599
-40.68304097,-5.87341032
-40.68161307,-5.87188914
-40.67630237,-5.87035254
-40.67521851,-5.86964683
-40.67427349,-5.86876338
-40.67349603,-5.86772902
-40.67319451,-5.86719772
-40.67103999,-5.85740281
-40.66819873,-5.85621278
-40.66822132,-5.85323935
-40.66602822,-5.85316494
-40.66235793,-5.85108934
-40.66105032,-5.84739436
-40.65491703,-5.84577238
-40.6471383,-5.84105256
-40.64286617,-5.84087978
-40.63863623,-5.84713872
-40.63359098,-5.85238724
-40.62960758,-5.85413336
-40.62307419,-5.85395503
-40.61704272,-5.85073083
-40.6113092,-5.85061481
-40.60689203,-5.84941365
-40.60655777,-5.84751786
-40.60362309,-5.84305748
-40.6046256,-5.83975624
-40.59751309,-5.83898617
-40.59064218,-5.83699083
-40.58909204,-5.83635283
-40.58767698,-5.836478
-40.58749373,-5.83940702
-40.58206357,-5.84013462
-40.57890788,-5.84262888
-40.57469754,-5.84158596
-40.57054502,-5.84214363
-40.56856644,-5.84325654
-40.56788095,-5.84321601
-40.56524939,-5.84311261
-40.55941801,-5.84293399
-40.55746066,-5.84214066
-40.55567061,-5.841019
-40.55410226,-5.83960308
-40.55280326,-5.83793593
-40.55181309,-5.83606821
-40.55116182,-5.83405667
-40.550564,-5.83387589
-40.5445844,-5.82991721
-40.53868978,-5.82774661
-40.53239478,-5.81976577
-40.53145432,-5.8192239
-40.526774,-5.8194421
-40.52532597,-5.81821786
-40.51771117,-5.8126462
-40.51618265,-5.81248027
-40.51466168,-5.81326954
-40.51381157,-5.81469715
-40.51315345,-5.82512509
-40.51301407,-5.82555144
-40.51280288,-5.82594707
-40.51252629,-5.82629997
-40.51219272,-5.8265994
-40.5118123,-5.82683628
-40.51139658,-5.8270034
-40.5109582,-5.82709569
-40.51051047,-5.82711034
-40.51006701,-5.82704691
-40.50975839,-5.82853596
-40.50929409,-5.82875703
-40.50802671,-5.82918189
-40.50670491,-5.8293799
-40.50536886,-5.82934502
-40.50405915,-5.82907834
-40.50281559,-5.82858794
-40.49584064,-5.82743246
-40.49029611,-5.83297839
-40.48619257,-5.83362182
-40.48370689,-5.83225703
-40.47617158,-5.83057579
-40.47344882,-5.82783356
-40.4738289,-5.82603912
-40.47038422,-5.82550684
-40.46343012,-5.82726208
-40.45458928,-5.82805335
-40.44813404,-5.82666443
-40.44134723,-5.82339298
-40.42854229,-5.81891368
-40.42451472,-5.81668385
-40.41893298,-5.81136033
-40.41349023,-5.81047094
-40.4120395,-5.80951374
-40.41099238,-5.8068309
-40.407555,-5.80340277
-40.40730155,-5.80260448
-40.40615996,-5.80005273
-40.40459329,-5.79773828
-40.40264914,-5.79573145
-40.39726741,-5.78489149
-40.39651112,-5.78080527
-40.38866671,-5.77698722
-40.38758571,-5.77223633
-40.38685629,-5.77196018
-40.3853924,-5.77117881
-40.38408622,-5.77015471
-40.38297744,-5.76891898
-40.38209975,-5.76750919
-40.38061303,-5.75981908
-40.37402886,-5.75562627
-40.37241036,-5.75418382
-40.36969092,-5.75102153
-40.36756107,-5.74743428
-40.36685386,-5.74706168
-40.36588711,-5.74673136
-40.36487777,-5.7465742
-40.36385653,-5.74659499
-40.3628544,-5.74679307
-40.35521968,-5.74345584
-40.35228311,-5.7434715
-40.34315031,-5.74749562
-40.34081227,-5.7478987
-40.31945304,-5.74366851
-40.31681697,-5.74411902
-40.31002476,-5.74829119
-40.30419458,-5.74779327
-40.30352111,-5.74817382
-40.3005814,-5.74943717
-40.29746731,-5.75017002
-40.29427347,-5.75035009
-40.28879614,-5.75593995
-40.28565748,-5.75682959
-40.28393101,-5.75573554
-40.28177606,-5.75165626
-40.27605301,-5.74970973
-40.27249614,-5.7451551
-40.2682597,-5.74228153
-40.26120631,-5.73592944
-40.25596079,-5.72864868
-40.24692457,-5.72481146
-40.24073738,-5.71791907
-40.24021524,-5.71196809
-40.24051095,-5.70887275
-40.23883246,-5.70814596
-40.23019421,-5.71030434
-40.22964588,-5.71035234
-40.228644,-5.71030419
-40.2276657,-5.7100825
-40.22674069,-5.70969401
-40.22589708,-5.70915052
-40.2251605,-5.70846856
-40.22370514,-5.70649961
-40.22147164,-5.70037507
-40.21764777,-5.69731505
-40.2172174,-5.69764968
-40.21665406,-5.69795701
-40.21604601,-5.69816169
-40.21541171,-5.69825748
-40.21477044,-5.69824149
-40.21414169,-5.6981142
-40.21281104,-5.6935707
-40.21138126,-5.69210716
-40.21163995,-5.69134074
-40.21265397,-5.68920023
-40.21402364,-5.68726862
-40.21570734,-5.6856046
-40.21448993,-5.68076177
-40.21506817,-5.67715083
-40.22017207,-5.66570341
-40.22625761,-5.66240923
-40.22775872,-5.65985072
-40.23043907,-5.65912469
-40.23036152,-5.65740152
-40.22671565,-5.65319156
-40.22726271,-5.65249935
-40.22655535,-5.64871109
-40.22872052,-5.64591941
-40.22838053,-5.64219822
-40.23013475,-5.6397993
-40.23116401,-5.63466933
-40.23368322,-5.62932497
-40.23365906,-5.62904892
-40.23356349,-5.62864546
-40.23339944,-5.62826475
-40.23317189,-5.62791836
-40.23288776,-5.62761683
-40.23255568,-5.6273693
-40.23218574,-5.6271833
-40.23178919,-5.62706448
-40.23137806,-5.62701646
-40.23096485,-5.62704069
-40.2305152,-5.62430824
-40.22868472,-5.62068653
-40.22853955,-5.61919351
-40.22941008,-5.6186068
-40.23020419,-5.6178464
-40.23085444,-5.61695941
-40.23134106,-5.61597277
-40.23164927,-5.61491646
-40.23176971,-5.61382258
-40.23100452,-5.61219481
-40.2258392,-5.60682045
-40.22521333,-5.60632867
-40.22366497,-5.60540008
-40.22197919,-5.60475497
-40.2202072,-5.60441293
-40.21946857,-5.60349741
-40.22218289,-5.60045022
-40.22864639,-5.59945234
-40.22812949,-5.59701897
-40.22446499,-5.59356737
-40.22505233,-5.59177189
-40.2207936,-5.58873691
-40.21850552,-5.58530129
-40.21061593,-5.58090563
-40.20835674,-5.58064648
-40.20431267,-5.57961714
-40.20050846,-5.57789982
-40.19528532,-5.57461664
-40.19314044,-5.57226028
-40.18853142,-5.57253606
-40.18825449,-5.57201957
-40.18788016,-5.57154062
-40.18742851,-5.57113407
-40.18691326,-5.57081227
-40.18635007,-5.57058501
-40.18575604,-5.57045919
-40.18514923,-5.57043862
-40.18438219,-5.5683971
-40.18563623,-5.56225485
-40.18530715,-5.56064779
-40.17843488,-5.55778627
-40.17286613,-5.55877909
-40.17180641,-5.5578421
-40.17141395,-5.55267321
-40.17074112,-5.55235539
-40.16997874,-5.55183488
-40.16931815,-5.55118963
-40.16877943,-5.55043925
-40.16837894,-5.54960653
-40.16812885,-5.54871679
-40.16803676,-5.54779704
-40.16810547,-5.54687526
-40.16713403,-5.54522539
-40.16426004,-5.54381471
-40.1584167,-5.54492364
-40.15630412,-5.54442844
-40.15211652,-5.54173719
-40.14330836,-5.5416195
-40.1405771,-5.54595343
-40.13803701,-5.5471609
-40.12905316,-5.54867558
-40.12567642,-5.55236912
-40.12559145,-5.55248017
-40.12541665,-5.55265342
-40.12521448,-5.55279362
-40.12499108,-5.55289652
-40.12475324,-5.55295899
-40.12450818,-5.55297912
-40.12426336,-5.55295632
-40.12402622,-5.55289126
-40.12380395,-5.55278593
-40.12360331,-5.55264353
-40.1234304,-5.55246839
-40.12329047,-5.55226582
-40.11413862,-5.54277279
-40.1143304,-5.53973825
-40.10994264,-5.53355437
-40.10880975,-5.52691806
-40.10891584,-5.52654615
-40.10995534,-5.52098594
-40.11001546,-5.51532933
-40.11078906,-5.51403861
-40.1072441,-5.50658658
-40.10925623,-5.50090682
-40.11080766,-5.49787602
-40.1105045,-5.49471084
-40.11214901,-5.49255159
-40.11246613,-5.49062407
-40.10936267,-5.48321992
-40.10788205,-5.47432179
-40.10775547,-5.46734825
-40.11022084,-5.46335239
-40.10711503,-5.45445708
-40.10294784,-5.45391375
-40.10115978,-5.45244868
-40.09941299,-5.44834543
-40.09978134,-5.44808138
-40.10012419,-5.44773506
-40.10040183,-5.44733434
-40.10060581,-5.44689139
-40.10072994,-5.44641968
-40.10077045,-5.44593353
-40.1007261,-5.44544771
-40.10059824,-5.444977
-40.10039077,-5.44453569
-40.09015122,-5.44030933
-40.08937102,-5.43918659
-40.09094788,-5.43764691
-40.0909464,-5.43677519
-40.09060191,-5.43611051
-40.08854041,-5.43533406
-40.08388293,-5.42903341
-40.0832567,-5.42417114
-40.07723363,-5.42246077
-40.07333515,-5.41820041
-40.07372112,-5.41629572
-40.07313003,-5.41449295
-40.07198273,-5.41222897
-40.07046059,-5.41019903
-40.07064793,-5.40935866
-40.07074849,-5.40803473
-40.07061814,-5.40671341
-40.07026082,-5.40543485
-40.06968741,-5.4042379
-40.06891532,-5.40315892
-40.06812082,-5.40244184
-40.06657232,-5.40138913
-40.06486496,-5.40062188
-40.0630506,-5.40016343
-40.0595436,-5.39730913
-40.0586315,-5.3993219
-40.06012672,-5.40383871
-40.0616659,-5.40530025
-40.06416687,-5.40840805
-40.06609139,-5.41190387
-40.06307224,-5.41333117
-40.06305302,-5.41335022
-40.06280054,-5.41365221
-40.06260422,-5.41399355
-40.06247002,-5.41436387
-40.06240202,-5.41475192
-40.0624023,-5.4151459
-40.06247083,-5.41553385
-40.06260555,-5.41590398
-40.06280235,-5.41624505
-40.06295343,-5.41643348
-40.06378105,-5.4174878
-40.06459018,-5.41855642
-40.06538059,-5.41963904
-40.06615203,-5.42073531
-40.06690426,-5.42184491
-40.06763705,-5.42296749
-40.06835019,-5.42410272
-40.06904345,-5.42525025
-40.06940879,-5.42771343
-40.06852161,-5.42804984
-40.06227093,-5.4271426
-40.06126937,-5.43056238
-40.06190611,-5.43150852
-40.06413778,-5.43482453
-40.06184102,-5.43562961
-40.05919699,-5.43705794
-40.05902867,-5.43677471
-40.05879728,-5.43650203
-40.05852215,-5.43627376
-40.05821165,-5.43609684
-40.0578752,-5.43597664
-40.05752305,-5.43591682
-40.05716587,-5.43591919
-40.05681454,-5.43598367
-40.05651805,-5.43664943
-40.0586558,-5.4420369
-40.05632484,-5.44444949
-40.05793998,-5.45217773
-40.05661567,-5.45424456
-40.0574542,-5.46298346
-40.05065723,-5.46421054
-40.0505601,-5.46474254
-40.05008605,-5.46629296
-40.04935054,-5.46773735
-40.04837591,-5.46903179
-40.04839081,-5.46920427
-40.04874622,-5.47114704
-40.04943289,-5.47299845
-40.05042995,-5.47470225
-40.05170712,-5.47620665
-40.05206008,-5.48200999
-40.05410255,-5.48503474
-40.0554149,-5.48952887
-40.05012809,-5.49045526
-40.04603431,-5.49296254
-40.04283071,-5.49386249
-40.0400581,-5.49233003
-40.03719038,-5.48861837
-40.03558655,-5.48781806
-40.03094253,-5.48986733
-40.03090289,-5.48984461
-40.03063415,-5.48972471
-40.03034872,-5.4896534
-40.03005526,-5.48963284
-40.02976269,-5.48966366
-40.02947992,-5.48974491
-40.02921551,-5.48987414
-40.02897752,-5.49004741
-40.02833483,-5.49120211
-40.03182432,-5.49718393
-40.0318264,-5.4984686
-40.02993091,-5.50136219
-40.0298459,-5.50119766
-40.02970172,-5.50099992
-40.02952546,-5.50083027
-40.02932249,-5.50069387
-40.02909895,-5.50059485
-40.02886166,-5.50053624
-40.02861781,-5.50051981
-40.02837482,-5.50054606
-40.02814008,-5.50061419
-40.0279207,-5.50072213
-40.02772336,-5.5008666
-40.02755406,-5.50104322
-40.02741793,-5.50124661
-40.02731912,-5.5014706
-40.02726063,-5.50170838
-40.02724423,-5.50195272
-40.02727042,-5.5021962
-40.02733841,-5.50243143
-40.02744614,-5.50265126
-40.02759032,-5.502849
-40.02776657,-5.50301865
-40.02796955,-5.50315505
-40.02819308,-5.50325406
-40.02843038,-5.50331267
-40.02867422,-5.50332911
-40.02849729,-5.50473187
-40.02851603,-5.50500422
-40.0284867,-5.50530819
-40.02840513,-5.50560244
-40.02827381,-5.50587802
-40.02809673,-5.50612657
-40.02787927,-5.50634052
-40.02762803,-5.50651339
-40.02735065,-5.50663992
-40.02705556,-5.50671626
-40.02675172,-5.50674009
-40.02644837,-5.5067107
-40.02615472,-5.50662896
-40.02587969,-5.50649738
-40.02563165,-5.50631993
-40.02541813,-5.50610203
-40.02524561,-5.50585028
-40.02508572,-5.51090719
-40.02410753,-5.51263547
-40.02316996,-5.51323741
-40.01931054,-5.51192248
-40.01903262,-5.51198707
-40.01831469,-5.51224781
-40.01765285,-5.51262951
-40.0170672,-5.51312057
-40.01657556,-5.51370607
-40.01619285,-5.51436822
-40.0159307,-5.5150869
-40.01233928,-5.51714913
-40.01214183,-5.51908059
-40.01313951,-5.52153508
-40.01747766,-5.52617516
-40.01816096,-5.52872509
-40.01612907,-5.53161984
-40.01613604,-5.5357016
-40.01895703,-5.53941133
-40.01917984,-5.54006421
-40.02166619,-5.54554316
-40.02506437,-5.55050625
-40.02539539,-5.55261908
-40.0270992,-5.55399003
-40.03254995,-5.56196227
-40.0348742,-5.56356008
-40.03916418,-5.56367772
-40.04074568,-5.56341743
-40.04067448,-5.56291216
-40.04847103,-5.56726487
-40.05139248,-5.57386992
-40.05400525,-5.57417034
-40.05736397,-5.57509221
-40.0605119,-5.57658441
-40.06066052,-5.57668965
-40.06084229,-5.57677746
-40.06103651,-5.57683231
-40.06123729,-5.57685254
-40.06143852,-5.57683753
-40.0616341,-5.57678774
-40.06181807,-5.57670467
-40.06198485,-5.57659087
-40.06212938,-5.57644977
-40.06224725,-5.57628567
-40.06233489,-5.57610356
-40.06238964,-5.57590897
-40.06713245,-5.57958647
-40.07367678,-5.58102601
-40.07596773,-5.5804175
-40.07602557,-5.58292228
-40.07391833,-5.58837915
-40.07378855,-5.58842517
-40.07175158,-5.58894013
-40.0696563,-5.58909288
-40.06756637,-5.58887878
-40.06554531,-5.58830431
-40.06299783,-5.58961911
-40.05934389,-5.59222524
-40.05619711,-5.59542746
-40.05521849,-5.59706387
-40.05753005,-5.60077598
-40.05762454,-5.60617636
-40.05701293,-5.60781102
-40.0532082,-5.60849565
-40.05211333,-5.60981085
-40.0535716,-5.61256178
-40.05255504,-5.61587608
-40.0504093,-5.61811559
-40.05062263,-5.61956246
-40.05187445,-5.62106602
-40.05444892,-5.6250714
-40.05629006,-5.62946377
-40.05632624,-5.63224446
-40.05635769,-5.63230807
-40.05704239,-5.63342226
-40.05790982,-5.6344004
-40.05893361,-5.63521278
-40.06008267,-5.63583471
-40.05532292,-5.63833955
-40.05366237,-5.64131219
-40.05472332,-5.6425022
-40.05487859,-5.64238924
-40.0551283,-5.64225853
-40.05539688,-5.64217325
-40.05567616,-5.64213598
-40.05595766,-5.64214787
-40.05623282,-5.64220854
-40.05649328,-5.64231616
-40.05673113,-5.64246745
-40.05693914,-5.64265783
-40.057111,-5.64288149
-40.05951468,-5.6466161
-40.05992331,-5.65052112
-40.06258554,-5.65554147
-40.07178637,-5.66537959
-40.07262086,-5.66716818
-40.07066056,-5.67460085
-40.06593645,-5.67501427
-40.06504887,-5.67651238
-40.06415277,-5.68102119
-40.06314773,-5.68194531
-40.0630166,-5.68326819
-40.06311433,-5.68480403
-40.06347681,-5.68629955
-40.06409304,-5.68770929
-40.05900964,-5.68977912
-40.05732902,-5.68856913
-40.05604656,-5.6890579
-40.05532799,-5.69015009
-40.05474613,-5.69146845
-40.05440165,-5.692868
-40.05430502,-5.6943062
-40.05075254,-5.69508163
-40.04801399,-5.69815137
-40.04854087,-5.70279127
-40.04582873,-5.70659632
-40.0448644,-5.71126634
-40.03955095,-5.7132682
-40.03440507,-5.7119138
-40.02764176,-5.71300316
-40.02126909,-5.71123107
-40.01886561,-5.7105627
-40.01529474,-5.70747696
-40.01427458,-5.70945885
-40.01178186,-5.71304824
-40.00870474,-5.71614952
-40.00758049,-5.719
-40.00744766,-5.72206197
-40.00944952,-5.72814289
-40.00931796,-5.72835687
-40.00881286,-5.7294149
-40.00849887,-5.7305447
-40.0083855,-5.73171196
-40.00847622,-5.7328812
-40.00876827,-5.73401689
-40.00925277,-5.73508454
-40.00811107,-5.73626204
-40.00441601,-5.73607264
-40.00366803,-5.73802969
-40.00477173,-5.7434024
-40.00741819,-5.74504464
-40.00648395,-5.7513003
-40.00454843,-5.75445805
-40.00248723,-5.76016746
-40.00467487,-5.76668416
-40.00908172,-5.77178841
-40.01033644,-5.77509194
-40.01023425,-5.77531789
-40.00891936,-5.77761405
-40.00722633,-5.77964663
-40.0052066,-5.78135388
-40.00292154,-5.78268393
-40.00044058,-5.78359634
-39.99183281,-5.78037739
-39.98913423,-5.78403945
-39.98868662,-5.79000376
-39.98409675,-5.79766519
-39.98572863,-5.8024587
-39.98504544,-5.80545683
-39.98755975,-5.80883805
-39.98743626,-5.80938311
-39.98737474,-5.81019354
-39.98745467,-5.81100235
-39.98767362,-5.81178498
-39.98802495,-5.81251764
-39.98849798,-5.81317806
-39.98812391,-5.81324226
-39.9861057,-5.81380768
-39.98421619,-5.81471549
-39.98379328,-5.8161233
-39.98339051,-5.81625379
-39.98198774,-5.8168881
-39.98071627,-5.81775673
-39.97961472,-5.81883327
-39.97787864,-5.82225585
-39.97417868,-5.82332293
-39.97033067,-5.82345675
-39.96865992,-5.8241403
-39.96606102,-5.82388938
-39.96610378,-5.82344231
-39.96607454,-5.82224668
-39.96583843,-5.82107431
-39.96540262,-5.8199608
-39.96304401,-5.81841889
-39.96179786,-5.81548549
-39.96080993,-5.81549507
-39.96018552,-5.8174571
-39.95697387,-5.81799446
-39.95600814,-5.82030497
-39.95534307,-5.82021233
-39.95399492,-5.82020219
-39.9526655,-5.82042665
-39.95139519,-5.82087889
-39.95141689,-5.82131337
-39.95133969,-5.82236906
-39.95108062,-5.82339529
-39.95064754,-5.82436088
-39.94646518,-5.82670249
-39.93765018,-5.82519984
-39.93468542,-5.8251364
-39.92883745,-5.82871358
-39.92379997,-5.83055703
-39.92099557,-5.83044595
-39.92050798,-5.8323146
-39.92575627,-5.83566981
-39.92584358,-5.83675638
-39.92572764,-5.83978167
-39.92508888,-5.84274085
-39.9257203,-5.84388535
-39.92960492,-5.84640221
-39.93057759,-5.84889782
-39.93222967,-5.8517156
-39.93730149,-5.85580874
-39.94054461,-5.8632792
-39.94386189,-5.86175137
-39.9450008,-5.86242009
-39.94636117,-5.86324835
-39.94770691,-5.86410025
-39.94903759,-5.86497554
-39.95035283,-5.86587394
-39.95165221,-5.8667952
-39.95293534,-5.86773901
-39.95420182,-5.86870511
-39.95545129,-5.86969318
-39.9590884,-5.87034825
-39.96019461,-5.87305288
-39.95892356,-5.87346427
-39.95748673,-5.87367451
-39.95603528,-5.87363169
-39.95461329,-5.87333713
-39.95342573,-5.87647822
-39.95157632,-5.87771576
-39.94819925,-5.87781751
-39.94566782,-5.87982102
-39.94328256,-5.88030434
-39.94283374,-5.87995222
-39.94201487,-5.87947751
-39.94112613,-5.87915241
-39.94019451,-5.87898679
-39.93924832,-5.87898567
-39.93862168,-5.88311082
-39.93464766,-5.8856575
-39.93453421,-5.88598403
-39.93423531,-5.88657699
-39.93383812,-5.88710897
-39.93335471,-5.8875638
-39.93279977,-5.88792767
-39.93219017,-5.88818951
-39.93126062,-5.88787887
-39.92984926,-5.88762865
-39.92841596,-5.88762765
-39.9261845,-5.89215948
-39.92375076,-5.89239007
-39.92226361,-5.89546497
-39.92209288,-5.8955235
-39.92084018,-5.89609657
-39.91970588,-5.89687875
-39.91872446,-5.89784628
-39.91529488,-5.89967424
-39.9115988,-5.90007802
-39.90626065,-5.89699977
-39.90059777,-5.89679543
-39.89261918,-5.89556595
-39.88955403,-5.89460216
-39.8878531,-5.89307417
-39.88343139,-5.88950955
-39.8802024,-5.88832411
-39.87204652,-5.88629597
-39.86949987,-5.88698026
-39.86654891,-5.88971716
-39.86154128,-5.88753275
-39.85964213,-5.8884023
-39.85923682,-5.88928062
-39.86145308,-5.89034106
-39.86229651,-5.89203592
-39.86271561,-5.89194786
-39.86321691,-5.89192521
-39.86371453,-5.89199006
-39.86419333,-5.89214046
-39.86463879,-5.89237182
-39.86503735,-5.89267713
-39.86497805,-5.89369023
-39.86340628,-5.89515498
-39.86390001,-5.89632388
-39.8650308,-5.89681936
-39.86729916,-5.89610735
-39.87076444,-5.89800728
-39.87074469,-5.89810148
-39.87064992,-5.8989606
-39.87070559,-5.89982315
-39.87090998,-5.90066291
-39.87125691,-5.90145438
-39.87541863,-5.904084
-39.87732899,-5.9043879
-39.87740107,-5.90712564
-39.87842292,-5.90824345
-39.87712209,-5.90919938
-39.87568441,-5.90785543
-39.87439608,-5.91012292
-39.87214605,-5.91035154
-39.87199027,-5.91068233
-39.87164594,-5.91121035
-39.87121527,-5.91167048
-39.87071135,-5.91204874
-39.87014949,-5.91233362
-39.86954675,-5.91251649
-39.8666524,-5.91265919
-39.86589365,-5.91503668
-39.86521017,-5.91566453
-39.86328095,-5.915798
-39.86185839,-5.91845796
-39.85947087,-5.91873386
-39.85838337,-5.92037809
-39.85310601,-5.92127983
-39.85266237,-5.92319706
-39.85255549,-5.92517974
-39.85279408,-5.92715089
-39.85181969,-5.92860994
-39.85028196,-5.92883169
-39.85003638,-5.92959343
-39.85028592,-5.92999659
-39.85064467,-5.93079977
-39.85085867,-5.93165311
-39.85092142,-5.9325307
-39.85083103,-5.93340587
-39.84915671,-5.933767
-39.84551396,-5.93255902
-39.84042939,-5.92956976
-39.83805759,-5.92908603
-39.83808185,-5.92939447
-39.83803723,-5.93143628
-39.83763918,-5.93343931
-39.83565947,-5.93552921
-39.83510514,-5.93989814
-39.83509905,-5.94430218
-39.83543849,-5.94488533
-39.83656552,-5.94638102
-39.83793484,-5.94765803
-39.83789316,-5.95053495
-39.83720365,-5.9513725
-39.83633219,-5.9528092
-39.83572313,-5.95437559
-39.83505909,-5.95638153
-39.83373403,-5.95953059
-39.83331648,-5.96322296
-39.83332605,-5.9657894
-39.83471276,-5.96902094
-39.8339035,-5.97093864
-39.83400222,-5.97170329
-39.83443015,-5.97334382
-39.83513611,-5.97488502
-39.83749889,-5.97681859
-39.8403566,-5.97761984
-39.84060737,-5.97798048
-39.84134109,-5.97880098
-39.84220597,-5.97948146
-39.84317574,-5.98000123
-39.84422093,-5.98034451
-39.84398342,-5.98195762
-39.84526147,-5.98341822
-39.84236847,-5.98374493
-39.84358107,-5.98557435
-39.84380215,-5.98561988
-39.84420769,-5.98576164
-39.84458248,-5.98597175
-39.84491514,-5.98624383
-39.84519555,-5.9865696
-39.84541519,-5.98693918
-39.8455674,-5.98734133
-39.84564755,-5.98776383
-39.84795635,-5.98884641
-39.85031441,-5.98785742
-39.85046184,-5.98795955
-39.85101929,-5.98825962
-39.85162032,-5.98845823
-39.85224667,-5.98854932
-39.8528793,-5.98853014
-39.85349899,-5.98840126
-39.85408691,-5.98816661
-39.85362855,-5.98589279
-39.85497884,-5.98528159
-39.855711,-5.98655327
-39.85818077,-5.99084295
-39.85999472,-5.99188984
-39.86272907,-5.99296262
-39.86297823,-5.99386757
-39.86343092,-5.99485089
-39.86404728,-5.99574058
-39.86383349,-5.99640132
-39.86378401,-5.99753192
-39.86365528,-5.99839875
-39.864835,-6.00167109
-39.86595935,-6.00281305
-39.86723292,-6.00541338
-39.86789941,-6.00638064
-39.86864273,-6.00694201
-39.87014171,-6.00651737
-39.8732179,-6.00564594
-39.8743064,-6.00588627
-39.87460942,-6.00636995
-39.8747029,-6.00690115
-39.87429803,-6.00739032
-39.87093002,-6.01145947
-39.8711132,-6.01260905
-39.87274963,-6.0152693
-39.87396098,-6.01671983
-39.87523211,-6.01774663
-39.87770994,-6.01834209
-39.87994958,-6.01913099
-39.88133119,-6.02037402
-39.88388492,-6.02281631
-39.88485343,-6.02360149
-39.88558033,-6.0245081
-39.88588377,-6.02523384
-39.88600693,-6.02662559
-39.88610441,-6.02774477
-39.88625198,-6.02862233
-39.887293,-6.03073036
-39.89055281,-6.03394101
-39.89454471,-6.03514485
-39.89811256,-6.03580468
-39.89936601,-6.03630745
-39.89995879,-6.03646656
-39.9005872,-6.03675264
-39.90115644,-6.03714361
-39.90164921,-6.03762759
-39.90205054,-6.03818988
-39.9073726,-6.03777503
-39.90831354,-6.03912971
-39.90758063,-6.04333254
-39.90767843,-6.04332531
-39.90793691,-6.04333739
-39.90818936,-6.04339422
-39.90842813,-6.04349407
-39.90864594,-6.0436339
-39.90883619,-6.04380948
-39.90899309,-6.04401546
-39.90911188,-6.04424558
-39.90918895,-6.04449286
-39.90922195,-6.04474978
-39.90920989,-6.04500853
-39.90889774,-6.04590745
-39.90866509,-6.04716884
-39.90865478,-6.04845151
-39.90886713,-6.04971648
-39.9085689,-6.0496303
-39.90816953,-6.04957944
-39.90776741,-6.04959877
-39.90737476,-6.04968772
-39.90700349,-6.04984357
-39.9066649,-6.05006159
-39.90699818,-6.05056234
-39.90746092,-6.05151863
-39.90775074,-6.05254083
-39.90785884,-6.05359788
-39.9101302,-6.05430914
-39.91022286,-6.05736348
-39.91054438,-6.05855757
-39.91300298,-6.05992753
-39.91758879,-6.0633322
-39.91970074,-6.06764897
-39.92165599,-6.06930654
-39.92982032,-6.07481079
-39.93553457,-6.07993004
-39.93707203,-6.080917
-39.93892991,-6.07972218
-39.93963406,-6.07984986
-39.94043992,-6.08013477
-39.94118411,-6.08055542
-39.94184402,-6.08109904
-39.94753363,-6.08111994
-39.94763223,-6.08129993
-39.94797412,-6.08178018
-39.94839414,-6.0821937
-39.94887951,-6.08252793
-39.94941548,-6.08277272
-39.95095171,-6.08040676
-39.95134329,-6.08060061
-39.95310102,-6.08124621
-39.95494404,-6.08157646
-39.95646002,-6.08317954
-39.95898022,-6.08515984
-39.96180567,-6.08667198
-39.96293095,-6.08947323
-39.96446839,-6.09025342
-39.96456113,-6.09268764
-39.96357545,-6.09477783
-39.96116672,-6.09535291
-39.95926331,-6.09742049
-39.95738216,-6.0977657
-39.95664868,-6.09951131
-39.95871423,-6.10132472
-39.9612837,-6.10104813
-39.9635776,-6.10012862
-39.96399077,-6.10063367
-39.9641288,-6.10157517
-39.96394555,-6.10228715
-39.96449636,-6.10274622
-39.9559612,-6.10157841
-39.9533226,-6.10109717
-39.95102886,-6.10252187
-39.94848371,-6.10651871
-39.94449146,-6.10608387
-39.94288488,-6.10452284
-39.94189833,-6.1045232
-39.94100284,-6.10252558
-39.93992389,-6.10075768
-39.93749132,-6.09896728
-39.93521935,-6.09715385
-39.93255763,-6.09607542
-39.93129512,-6.0941468
-39.92980335,-6.09265458
-39.92826627,-6.09286179
-39.92766992,-6.09334425
-39.92585731,-6.09290852
-39.9252375,-6.0918064
-39.92349306,-6.08930379
-39.9226437,-6.08781134
-39.92126697,-6.08721469
-39.92094518,-6.08535463
-39.91970591,-6.08411491
-39.91871896,-6.08273732
-39.91656252,-6.08315136
-39.91433659,-6.0814067
-39.91295985,-6.08071817
-39.91130809,-6.08097129
-39.9100012,-6.08370453
-39.908304,-6.08547334
-39.9058497,-6.08731127
-39.90472606,-6.08919474
-39.90552974,-6.09155992
-39.90550724,-6.09305266
-39.90236417,-6.09335211
-39.89974863,-6.09310024
-39.89926734,-6.09491463
-39.89699605,-6.09512195
-39.89614791,-6.09780911
-39.8932341,-6.09762619
-39.89077936,-6.09820098
-39.88951798,-6.1000615
-39.88598416,-6.09781183
-39.88628811,-6.0975665
-39.88658981,-6.09722884
-39.88682833,-6.09684386
-39.88699645,-6.09642327
-39.88708906,-6.09597985
-39.88710333,-6.09552707
-39.88703883,-6.09507869
-39.88109625,-6.09361042
-39.87538296,-6.09145307
-39.87551219,-6.09126005
-39.87564699,-6.0909729
-39.87572993,-6.09066669
-39.87575849,-6.09035071
-39.8757318,-6.09003457
-39.87565067,-6.08972788
-39.87551757,-6.08943994
-39.87533654,-6.08917952
-39.87673587,-6.08846726
-39.87735484,-6.0864232
-39.87616189,-6.08672203
-39.87450978,-6.08568898
-39.8737527,-6.08578102
-39.87356944,-6.08699822
-39.87267465,-6.0868836
-39.87086158,-6.084243
-39.87066615,-6.08417535
-39.86933808,-6.08356152
-39.86813668,-6.08272618
-39.86709845,-6.08169469
-39.86429931,-6.08098337
-39.86426517,-6.08091304
-39.8642184,-6.08077148
-39.8641969,-6.08062394
-39.86420132,-6.0804749
-39.86423153,-6.08032889
-39.86428661,-6.08019036
-39.86436488,-6.0800635
-39.86446397,-6.07995217
-39.86458087,-6.07985976
-39.86471202,-6.07978908
-39.86358727,-6.0770794
-39.86350505,-6.0770354
-39.86332999,-6.0769694
-39.86314614,-6.07693482
-39.86295909,-6.07693273
-39.86277451,-6.07696318
-39.86259802,-6.07702526
-39.86243499,-6.07711707
-39.86229035,-6.07723582
-39.86216851,-6.07737792
-39.86207318,-6.07753903
-39.85803471,-6.07446249
-39.8574368,-6.06732036
-39.85493602,-6.06672374
-39.85023223,-6.06295829
-39.84770836,-6.06137412
-39.84607945,-6.06112179
-39.84272952,-6.05848133
-39.84194898,-6.05533518
-39.83836984,-6.05368224
-39.8341022,-6.0501462
-39.8327943,-6.04844694
-39.82822853,-6.04518647
-39.82627824,-6.043005
-39.8263255,-6.04281976
-39.82637405,-6.04242098
-39.82635269,-6.04201982
-39.82626207,-6.04162847
-39.82610495,-6.04125882
-39.82588608,-6.04092209
-39.82561214,-6.04062853
-39.82529143,-6.04038705
-39.82552071,-6.03935356
-39.82382284,-6.03749357
-39.82283607,-6.03499043
-39.8237995,-6.03432431
-39.82390222,-6.03419353
-39.82533927,-6.03196684
-39.82636823,-6.02952416
-39.82567966,-6.0267454
-39.82509256,-6.02547632
-39.82406677,-6.02393176
-39.82278866,-6.02258898
-39.81815462,-6.021602
-39.81574574,-6.02010949
-39.81482894,-6.0172575
-39.81439164,-6.01416151
-39.8133592,-6.01273775
-39.80888629,-6.01664236
-39.80588104,-6.01554028
-39.80498656,-6.01760728
-39.80184364,-6.01613774
-39.80184409,-6.01613985
-39.80194076,-6.01694588
-39.80189615,-6.01775648
-39.80171162,-6.018547
-39.80139277,-6.01929344
-39.80094929,-6.0199731
-39.79986227,-6.02023658
-39.79739257,-6.02117211
-39.79512264,-6.02252275
-39.79097043,-6.02252303
-39.78970317,-6.02204455
-39.78546492,-6.02097746
-39.78110596,-6.02066333
-39.77913297,-6.01783861
-39.77725184,-6.01689708
-39.77589837,-6.01724162
-39.77518718,-6.01579479
-39.77362724,-6.01579484
-39.77363305,-6.01571421
-39.77360672,-6.01445003
-39.77336151,-6.01320963
-39.77290488,-6.0120307
-39.7722507,-6.01094906
-39.76906198,-6.00828508
-39.76683682,-6.00950232
-39.76394637,-6.00858372
-39.76211119,-6.01000763
-39.76055126,-6.00835409
-39.75823432,-6.00876748
-39.75424277,-6.00640196
-39.74928393,-5.99912122
-39.74145184,-5.99238269
-39.74048095,-5.99087107
-39.73286678,-5.98127863
-39.7314327,-5.98066878
-39.72816089,-5.97877206
-39.72526778,-5.97633532
-39.72284128,-5.97343259
-39.72166935,-5.9734665
-39.72155002,-5.97546972
-39.72337894,-5.9768795
-39.72413155,-5.97845165
-39.72552362,-5.98258971
-39.72962624,-5.98874193
-39.73185922,-5.99157469
-39.73759627,-5.99550238
-39.74208476,-6.00088987
-39.74219936,-6.00431182
-39.74486035,-6.00555207
-39.74589262,-6.00683819
-39.74621373,-6.00913481
-39.74630545,-6.01120176
-39.74499784,-6.01209741
-39.74199267,-6.01209734
-39.74197174,-6.01228305
-39.74197964,-6.0126177
-39.74204546,-6.01294589
-39.74216721,-6.01325766
-39.74234119,-6.01354352
-39.7425621,-6.01379479
-39.74282325,-6.01400384
-39.74311669,-6.01416432
-39.74321905,-6.01496102
-39.74356583,-6.01622151
-39.74412598,-6.01740256
-39.74293306,-6.01809152
-39.74022611,-6.01740246
-39.73880379,-6.01754021
-39.73774846,-6.01967603
-39.7366473,-6.02002048
-39.73492678,-6.01923956
-39.7334815,-6.01979069
-39.73342706,-6.01974913
-39.73319123,-6.01952603
-39.73299769,-6.01926532
-39.73285231,-6.01897493
-39.73275951,-6.01866367
-39.7327221,-6.01834101
-39.73274123,-6.01801675
-39.73281632,-6.01770074
-39.72983416,-6.01554178
-39.72893959,-6.01352071
-39.72802191,-6.01471491
-39.72487916,-6.01324489
-39.72493026,-6.01310711
-39.72527747,-6.01179412
-39.72539167,-6.01044072
-39.72526939,-6.00908803
-39.72453538,-6.00775595
-39.72322784,-6.00713578
-39.71914447,-6.00750296
-39.71515273,-6.00933996
-39.71070239,-6.00855874
-39.70671098,-6.00646845
-39.70570171,-6.0054808
-39.70555829,-6.0054635
-39.7051016,-6.00546119
-39.70465144,-6.0055383
-39.70422151,-6.0056925
-39.70382485,-6.0059191
-39.70347351,-6.00621121
-39.70317819,-6.00655997
-39.70311352,-6.00669899
-39.70026924,-6.0116103
-39.69661624,-6.01595251
-39.68693516,-6.01693891
-39.68633839,-6.01939623
-39.68509942,-6.02063626
-39.68243824,-6.02093447
-39.68195659,-6.02013058
-39.68014427,-6.02010736
-39.67734521,-6.02199021
-39.67512017,-6.0204052
-39.67470756,-6.01817739
-39.67519004,-6.01335451
-39.67477772,-6.00935828
-39.67301136,-6.00899055
-39.6730972,-6.00852393
-39.67316993,-6.00732201
-39.67303308,-6.0061257
-39.67269082,-6.00497136
-39.67129172,-6.00338645
-39.66968312,-5.99919268
-39.67135838,-5.99639268
-39.67135874,-5.99393029
-39.6710925,-5.99336861
-39.67068423,-5.99277868
-39.67017985,-5.99226868
-39.66959467,-5.99185412
-39.66894647,-5.99154759
-39.66825496,-5.99135841
-39.66618284,-5.99349467
-39.66484426,-5.99290865
-39.6620788,-5.98930538
-39.66206713,-5.98835461
-39.66208374,-5.98264723
-39.66143345,-5.98099105
-39.65998919,-5.97843391
-39.65812337,-5.97616671
-39.65589269,-5.97425832
-39.65423141,-5.97019783
-39.65151666,-5.96576063
-39.65110915,-5.9614149
-39.65029086,-5.95990353
-39.64699372,-5.96129152
-39.64566792,-5.95957768
-39.64352181,-5.96116222
-39.6435182,-5.96121295
-39.64319259,-5.9632266
-39.64252268,-5.96515304
-39.64152883,-5.96693374
-39.64095268,-5.96806801
-39.64001814,-5.97014638
-39.63718058,-5.97153011
-39.63302581,-5.97214342
-39.63126349,-5.97344815
-39.62966236,-5.97571374
-39.62721348,-5.97707952
-39.6246269,-5.97708247
-39.62341269,-5.97662669
-39.62008963,-5.97766641
-39.61615337,-5.97961553
-39.61376785,-5.98016655
-39.61121589,-5.98202552
-39.60884344,-5.98459661
-39.60517057,-5.98719035
-39.60176905,-5.98896597
-39.60013582,-5.98937666
-39.59818691,-5.98546388
-39.59795093,-5.98324559
-39.59837272,-5.98076675
-39.59842834,-5.9792934
-39.5975652,-5.97775963
-39.59633073,-5.97622603
-39.59484903,-5.97493034
-39.58719594,-5.97251425
-39.58599351,-5.97171967
-39.58234664,-5.9674952
-39.58181136,-5.96760769
-39.58103054,-5.96765359
-39.58025362,-5.96756304
-39.57950422,-5.96733879
-39.57880509,-5.96698766
-39.57817748,-5.96652031
-39.5778957,-5.96560785
-39.57729023,-5.96434144
-39.57647432,-5.96319955
-39.57608193,-5.96239117
-39.57496706,-5.96087237
-39.57428346,-5.96044242
-39.57314459,-5.96016494
-39.57177821,-5.96009037
-39.56998154,-5.95986423
-39.5678305,-5.95948646
-39.56560248,-5.95939423
-39.56507252,-5.95941329
-39.56447443,-5.95970228
-39.56405256,-5.96008895
-39.5655365,-5.96663439
-39.56829846,-5.96960123
-39.56936193,-5.97283652
-39.56859001,-5.97601076
-39.56768638,-5.97821375
-39.56772046,-5.98007588
-39.56807698,-5.98190379
-39.56851216,-5.98313117
-39.56844239,-5.98559423
-39.56740602,-5.98792792
-39.5665747,-5.98811292
-39.56578809,-5.98843962
-39.5650701,-5.98889812
-39.56444254,-5.98947447
-39.5641362,-5.98984451
-39.56446377,-5.99304041
-39.5637161,-5.99419151
-39.56317943,-5.99545511
-39.56287009,-5.99679281
-39.56280284,-5.99749697
-39.56353131,-5.99926243
-39.56464138,-6.00391024
-39.5626448,-6.00597655
-39.56259773,-6.00930675
-39.56110667,-6.00903061
-39.56119754,-6.01153404
-39.5602337,-6.01240643
-39.55759531,-6.01286481
-39.55576449,-6.01294437
-39.55394769,-6.01270443
-39.55293843,-6.01242672
-39.55073594,-6.01279336
-39.54678392,-6.00539884
-39.54649496,-6.00470735
-39.54631234,-6.00236465
-39.54215016,-5.99632494
-39.54229016,-5.99385824
-39.5420002,-5.99140469
-39.54128909,-5.98903881
-39.54104538,-5.98846425
-39.53813553,-5.98626218
-39.53601779,-5.98404472
-39.53493068,-5.98071751
-39.53220721,-5.97947616
-39.53020369,-5.97745034
-39.52787927,-5.97580361
-39.52679048,-5.97522112
-39.52410647,-5.97582046
-39.52042507,-5.98057113
-39.5192545,-5.98076569
-39.51827765,-5.98206318
-39.51699962,-5.98226832
-39.51570543,-5.98224815
-39.5144344,-5.98200329
-39.51395432,-5.98184862
-39.50831486,-5.98355588
-39.5051106,-5.9825258
-39.50205916,-5.97799628
-39.50173915,-5.97809787
-39.50140638,-5.97814227
-39.50107097,-5.97812815
-39.5007431,-5.97805593
-39.50043274,-5.9779278
-39.50014932,-5.97774766
-39.49990144,-5.97752099
-39.49977799,-5.9773722
-39.50003908,-5.97919354
-39.49618363,-5.98412478
-39.49444953,-5.98517377
-39.48475577,-5.98845209
-39.48210868,-5.988273
-39.47936321,-5.98694472
-39.47642907,-5.98611391
-39.47390392,-5.98582027
-39.46092427,-5.97770973
-39.45892045,-5.97776541
-39.45669606,-5.97980238
-39.45056275,-5.98095991
-39.44444668,-5.97955832
-39.44207394,-5.97968061
-39.44135151,-5.98103859
-39.44040452,-5.98225034
-39.43926175,-5.98327905
-39.43819927,-5.98396579
-39.42934977,-5.9852781
-39.42814792,-5.98558071
-39.42382942,-5.98737277
-39.42201259,-5.98701459
-39.41748912,-5.98435734
-39.4137504,-5.98287748
-39.41324037,-5.97999203
-39.41086891,-5.97654055
-39.40828717,-5.97628448
-39.40578907,-5.97558344
-39.40509726,-5.97530225
-39.40402631,-5.97580189
-39.40288497,-5.97610775
-39.40170792,-5.97621054
-39.40053092,-5.97610712
-39.40037119,-5.97607689
-39.39932705,-5.97385639
-39.39797018,-5.97359349
-39.39649613,-5.97362951
-39.38771144,-5.9752293
-39.38493723,-5.97496485
-39.38215929,-5.97518672
-39.38188525,-5.97523539
-39.37870963,-5.97825692
-39.37691018,-5.97872871
-39.36954174,-5.97863183
-39.36608065,-5.97962241
-39.36421329,-5.98144468
-39.36421892,-5.98244543
-39.36520387,-5.98321308
-39.36676006,-5.98463023
-39.36635716,-5.98628747
-39.36625759,-5.98737041
-39.36713264,-5.98737645
-39.36814221,-5.9879137
-39.36762846,-5.98894767
-39.36688887,-5.98933452
-39.36396799,-5.99212717
-39.36268542,-5.99110386
-39.36165282,-5.99056644
-39.3592811,-5.99052699
-39.35780796,-5.99042458
-39.35463632,-5.98950345
-39.35236246,-5.98863464
-39.35134684,-5.98897344
-39.3500431,-5.99101638
-39.34740706,-5.99256591
-39.34680339,-5.99327646
-39.34740728,-5.99586291
-39.34627194,-6.00018955
-39.34596331,-6.00293774
-39.34325091,-6.00312624
-39.34081986,-6.00248858
-39.33833957,-6.00233361
-39.33732838,-6.00237269
-39.33647236,-6.0032409
-39.33486635,-6.00290788
-39.33259722,-6.00211028
-39.32958663,-6.00222766
-39.32799589,-6.00302182
-39.32593402,-6.0021566
-39.32463737,-6.00361982
-39.32430816,-6.00472165
-39.32357282,-6.0047396
-39.32277123,-6.00436607
-39.32157671,-6.00433486
-39.32097323,-6.00522779
-39.32121664,-6.00658657
-39.32019929,-6.00752265
-39.31813047,-6.00766944
-39.31561384,-6.00611101
-39.31461338,-6.004586
-39.31264658,-6.00326135
-39.31053656,-6.00271777
-39.30797703,-6.00072196
-39.30729477,-5.99851138
-39.3066384,-5.9968698
-39.30551598,-5.99600886
-39.30388178,-5.99588212
-39.30238382,-5.996033
-39.30142196,-5.9952654
-39.30094709,-5.99401704
-39.29973532,-5.99276351
-39.29815333,-5.99176099
-39.2969385,-5.99094549
-39.29581255,-5.99059174
-39.29528517,-5.99026524
-39.29414645,-5.99173282
-39.29338021,-5.99262662
-39.29327257,-5.99483925
-39.29282031,-5.99693417
-39.29193779,-5.99798854
-39.29062307,-5.99827902
-39.28843376,-5.99849416
-39.28619628,-5.99900869
-39.28425249,-6.00033224
-39.28428102,-6.00191516
-39.28223836,-6.00160196
-39.28073817,-6.00258062
-39.28067947,-6.00442037
-39.27948176,-6.00484909
-39.2779699,-6.00419453
-39.27501991,-6.00219585
-39.27225646,-5.99999393
-39.27042183,-5.99889731
-39.26782614,-5.9979567
-39.26583945,-5.99760257
-39.26268311,-5.99886834
-39.26161497,-5.99964684
-39.26049836,-6.00061986
-39.26015854,-6.0009604
-39.25928425,-6.00086356
-39.2581186,-6.00086411
-39.25683148,-5.99930823
-39.25478538,-5.99880952
-39.25280591,-5.99865711
-39.24902631,-5.99904525
-39.24592123,-5.99849286
-39.24369633,-5.99723198
-39.24146831,-5.99640914
-39.23971799,-5.99641971
-39.23927258,-5.99752323
-39.23987942,-5.99962567
-39.23961793,-6.00169543
-39.24080246,-6.00315287
-39.2394863,-6.00408672
-39.23868718,-6.00336804
-39.23701245,-6.00301125
-39.23637723,-6.00185668
-39.23485888,-5.99963596
-39.23233691,-5.99482226
-39.23017356,-5.99139448
-39.22776662,-5.9898325
-39.22616519,-5.98834545
-39.22240487,-5.98926383
-39.22025172,-5.99086233
-39.21911081,-5.99260643
-39.21834708,-5.99313124
-39.21772697,-5.99289624
-39.21681558,-5.99152938
-39.2154395,-5.9907356
-39.20830475,-5.990131
-39.20512968,-5.98971621
-39.20167314,-5.98680929
-39.20013756,-5.98257894
-39.20046824,-5.98142851
-39.20125466,-5.98094999
-39.20222745,-5.98017308
-39.20282501,-5.97713396
-39.20102422,-5.97135692
-39.19958974,-5.96908707
-39.19735961,-5.96538199
-39.19657572,-5.96230985
-39.19696091,-5.95998394
-39.19729887,-5.95781909
-39.19680141,-5.95654741
-39.19471411,-5.95540259
-39.19238858,-5.95536274
-39.19030621,-5.95673108
-39.18717648,-5.95963661
-39.18331651,-5.96161459
-39.18158,-5.96291623
-39.18021191,-5.96422054
-39.17996732,-5.96620161
-39.17954666,-5.96705165
-39.17871918,-5.96683814
-39.17732919,-5.96479912
-39.17522404,-5.96293935
-39.1738229,-5.962445
-39.17246013,-5.96301153
-39.17062048,-5.96265233
-39.16902195,-5.96079621
-39.1678761,-5.96065008
-39.16639446,-5.96119332
-39.16429767,-5.95931228
-39.16263448,-5.95699687
-39.16046554,-5.95547769
-39.15952747,-5.95540116
-39.15816304,-5.9561982
-39.15689321,-5.95665008
-39.15541665,-5.95703127
-39.15382344,-5.95761913
-39.15183945,-5.9581119
-39.15041699,-5.95738677
-39.14937067,-5.95747104
-39.14835872,-5.95754368
-39.14694927,-5.95779736
-39.14497527,-5.95836152
-39.14276116,-5.95882952
-39.14168645,-5.96094285
-39.14176796,-5.962396
-39.14193856,-5.96426481
-39.14142406,-5.9653447
-39.14024732,-5.96565888
-39.1386845,-5.96523243
-39.13728348,-5.96524879
-39.13654913,-5.96598439
-39.13672681,-5.96842294
-39.13701068,-5.9705462
-39.13610133,-5.97208432
-39.13470065,-5.97467944
-39.13382622,-5.97773953
-39.13408874,-5.97963207
-39.13316105,-5.98052447
-39.13140403,-5.98145691
-39.12957387,-5.98294216
-39.12812193,-5.9830929
-39.12575462,-5.98245301
-39.1239188,-5.98156339
-39.12236356,-5.98009941
-39.12080088,-5.97964986
-39.11821568,-5.98046088
-39.11455714,-5.98004201
-39.11338137,-5.9802178
-39.11311621,-5.9818298
-39.11360318,-5.98450792
-39.11400109,-5.98677038
-39.11346399,-5.98778091
-39.11214885,-5.98811707
-39.11069554,-5.98845221
-39.10943187,-5.98805094
-39.10767278,-5.98612429
-39.10574844,-5.98474977
-39.10463868,-5.98534105
-39.10306276,-5.98668975
-39.0993691,-5.98790752
-39.09676352,-5.98834939
-39.09487896,-5.98782821
-39.09350238,-5.98712634
-39.09251217,-5.98711901
-39.09183584,-5.98826683
-39.09094153,-5.99086558
-39.08924906,-5.99239783
-39.08429251,-5.9930989
-39.08180494,-5.99314962
-39.07934398,-5.99271634
-39.07753312,-5.99157312
-39.07594639,-5.9912616
-39.07428117,-5.9922176
-39.07387301,-5.99541335
-39.07301623,-5.99712945
-39.07093497,-5.99737487
-39.06781775,-5.99735721
-39.06608889,-5.9975749
-39.06362296,-5.99781014
-39.06141102,-5.99795505
-39.05915817,-5.99740795
-39.05773761,-5.99642898
-39.0561959,-5.99625607
-39.05536173,-5.99694154
-39.05454508,-5.99836494
-39.05733694,-6.00045435
-39.05821911,-6.00234702
-39.05746842,-6.00362755
-39.05624443,-6.00669195
-39.05673431,-6.00816274
-39.05725914,-6.01105783
-39.05715087,-6.01328826
-39.05582981,-6.0148427
-39.05533382,-6.01667923
-39.05409958,-6.01892438
-39.05241899,-6.02250036
-39.05224397,-6.02443127
-39.04855772,-6.02578425
-39.04451214,-6.02600745
-39.04339542,-6.0278854
-39.04218278,-6.02718638
-39.04020101,-6.02484852
-39.03908571,-6.02341414
-39.03644953,-6.02569489
-39.03427811,-6.027266
-39.03273449,-6.02782964
-39.03150535,-6.02625638
-39.02996971,-6.02573897
-39.02948124,-6.02343512
-39.03023124,-6.02143947
-39.03027528,-6.01858752
-39.0307773,-6.01594597
-39.03039572,-6.01472402
-39.02765028,-6.01624484
-39.0243027,-6.01529994
-39.01981403,-6.01331145
-39.01724681,-6.009382
-39.01567637,-6.00736913
-39.01410742,-6.00825456
-39.01308833,-6.0093511
-39.01117509,-6.01018796
-39.00944642,-6.01401648
-39.00811104,-6.0174799
-39.00708919,-6.01894444
-39.00379431,-6.02018502
-39.00096388,-6.02076198
-38.99894657,-6.0218936
-38.99686518,-6.02189359
-38.9955184,-6.02213873
-38.9946943,-6.02287635
-38.99257995,-6.02348697
-38.9903761,-6.02471985
-38.98870518,-6.02645023
-38.98824424,-6.02685398
-38.98749515,-6.0299687
-38.98651559,-6.03239125
-38.98593933,-6.03596741
-38.98622728,-6.04133168
-38.98576625,-6.04467713
-38.98566282,-6.0479635
-38.98543507,-6.0500555
-38.9852543,-6.05089479
-38.98545836,-6.0522024
-38.98607057,-6.05522624
-38.98643791,-6.05702421
-38.98684605,-6.05927166
-38.98700931,-6.06029323
-38.98713173,-6.06200946
-38.98722828,-6.06390476
-38.98859289,-6.06539126
-38.98862512,-6.06677242
-38.98856031,-6.06809801
-38.9886419,-6.07038632
-38.98860104,-6.07242944
-38.98888674,-6.07475861
-38.98970313,-6.07659744
-38.98904998,-6.07708778
-38.98643737,-6.07835446
-38.98598832,-6.07921256
-38.98488602,-6.08329879
-38.9844369,-6.08603656
-38.98406943,-6.08824313
-38.98317131,-6.08938725
-38.98064028,-6.09057218
-38.97940476,-6.09147155
-38.97925226,-6.09212491
-38.97987961,-6.09331715
-38.98076249,-6.09792744
-38.98068074,-6.10062436
-38.97937427,-6.10397504
-38.97851694,-6.10491484
-38.97757795,-6.10609982
-38.97639401,-6.10728478
-38.97492445,-6.10528245
-38.97329163,-6.10283062
-38.97247523,-6.10152298
-38.97227113,-6.10115521
-38.97207794,-6.09836853
-38.9701487,-6.09433105
-38.96761771,-6.09408573
-38.96149443,-6.09224652
-38.95969834,-6.09085706
-38.95737185,-6.08595338
-38.95484098,-6.08480902
-38.95239185,-6.08260224
-38.9487181,-6.08035446
-38.94279896,-6.08027214
-38.93839024,-6.08010821
-38.92777642,-6.08157794
-38.92471468,-6.08235391
-38.92173475,-6.08198573
-38.9201426,-6.0826393
-38.91712141,-6.08509059
-38.91287563,-6.08688787
-38.90841176,-6.08475453
-38.90735339,-6.08492398
-38.90674226,-6.08664899
-38.9071194,-6.08872572
-38.90634333,-6.09129992
-38.90728197,-6.09293458
-38.9073634,-6.09416047
-38.90760785,-6.09698002
-38.90752545,-6.10143402
-38.90760654,-6.10466217
-38.90748346,-6.10821718
-38.90711531,-6.11246681
-38.90671857,-6.114646
-38.90631155,-6.11898345
-38.90617561,-6.12196547
-38.90590424,-6.12494747
-38.9054974,-6.12820054
-38.90509072,-6.13050478
-38.90549682,-6.13145368
-38.90400666,-6.13416437
-38.90319355,-6.13728181
-38.90522442,-6.14026422
-38.90412957,-6.14376689
-38.90343036,-6.14475099
-38.90259874,-6.14683079
-38.90186989,-6.14865354
-38.90100087,-6.15082681
-38.9002066,-6.15281313
-38.9000451,-6.15357311
-38.89755911,-6.15316104
-38.89474246,-6.15275776
-38.89273071,-6.15175051
-38.89090015,-6.15189597
-38.887307,-6.15369316
-38.88134608,-6.15438653
-38.87788067,-6.15499739
-38.87095424,-6.15625614
-38.86858615,-6.15677933
-38.8657691,-6.15798684
-38.86093823,-6.1662417
-38.86033342,-6.17087301
-38.85771619,-6.17691337
-38.8544955,-6.18214807
-38.8445773,-6.18685633
-38.84040881,-6.18979601
-38.83960325,-6.19221218
-38.84040658,-6.19724662
-38.83980221,-6.19966285
-38.83859476,-6.20026658
-38.83557639,-6.20086976
-38.83114862,-6.20429162
-38.82560113,-6.21232992
-38.82181987,-6.22115127
-38.82316985,-6.22890965
-38.82067575,-6.23308373
-38.81526621,-6.23355462
-38.81121668,-6.23730914
-38.81056765,-6.23975665
-38.80959159,-6.24134257
-38.80739183,-6.24352026
-38.80574922,-6.2451238
-38.80501726,-6.24603868
-38.80477387,-6.24697241
-38.80513845,-6.24805206
-38.80666193,-6.25006596
-38.80702703,-6.25201842
-38.80708666,-6.25567906
-38.80623283,-6.25634986
-38.80525723,-6.25659354
-38.80257442,-6.2569586
-38.80135484,-6.25744622
-38.80043988,-6.25854406
-38.80145279,-6.26145952
-38.80209903,-6.26331957
-38.80470128,-6.27080938
-38.80451926,-6.27361511
-38.80067665,-6.27727427
-38.80012744,-6.27849426
-38.80037074,-6.28001961
-38.80085797,-6.28148404
-38.80179697,-6.28323055
-38.80247298,-6.2844879
-38.81009553,-6.2929376
-38.81191583,-6.29515826
-38.81278057,-6.29814256
-38.81364577,-6.29987551
-38.81498918,-6.30090452
-38.81641404,-6.30058823
-38.81831386,-6.3001137
-38.81910528,-6.30043077
-38.82195401,-6.3026493
-38.8271771,-6.30566059
-38.83271691,-6.30851354
-38.83904804,-6.31231705
-38.84553781,-6.31532855
-38.8526608,-6.31865694
-38.86200025,-6.32198583
-38.87007368,-6.32388867
-38.87355643,-6.32436472
-38.87830551,-6.32563303
-38.88210456,-6.32769306
-38.88368734,-6.32927739
-38.88748575,-6.33450532
-38.88843496,-6.33767346
-38.89128413,-6.34020841
-38.89252779,-6.34120679
-38.89821429,-6.34083487
-38.90337594,-6.33976456
-38.91046782,-6.34016746
-38.91322279,-6.3405578
-38.91434147,-6.34027819
-38.91461612,-6.33909714
-38.91381364,-6.33682109
-38.91153974,-6.33173336
-38.90832921,-6.32677934
-38.90618951,-6.32008508
-38.90498558,-6.31834445
-38.90404924,-6.31673775
-38.90471863,-6.31472971
-38.9067261,-6.31245416
-38.91074047,-6.31084833
-38.91462111,-6.30870694
-38.91654123,-6.30787855
-38.91983952,-6.3079045
-38.92264913,-6.30951146
-38.92572591,-6.3143315
-38.931613,-6.31647435
-38.93442252,-6.31942002
-38.93656313,-6.3216962
-38.93843622,-6.32330296
-38.94178142,-6.32290171
-38.94459136,-6.32276814
-38.9546268,-6.32303687
-38.95944384,-6.32276951
-38.96288951,-6.32303914
-38.96586642,-6.32451038
-38.97584067,-6.3259555
-38.98343995,-6.3269984
-38.98580353,-6.32732274
-38.99041953,-6.3266225
-39.00072703,-6.32585934
-39.00610227,-6.32717054
-39.01584619,-6.32747986
-39.02019285,-6.32866021
-39.02431712,-6.33301549
-39.02603559,-6.3349639
-39.02649398,-6.33782931
-39.03027458,-6.34023607
-39.03852658,-6.34962906
-39.04161704,-6.35307241
-39.04505413,-6.35536447
-39.0483767,-6.35788575
-39.06228561,-6.34422422
-39.0665904,-6.34275425
-39.07117285,-6.34298288
-39.08233763,-6.34669964
-39.08549346,-6.34630461
-39.08858644,-6.34527254
-39.09271033,-6.34355256
-39.09798087,-6.34756319
-39.10019128,-6.34919022
-39.10043043,-6.35334588
-39.10059617,-6.3558543
-39.10336695,-6.35739253
-39.10524397,-6.35853324
-39.1069504,-6.36100682
-39.10709585,-6.36314705
-39.1103802,-6.36997941
-39.11367405,-6.37232644
-39.11537144,-6.37606503
-39.11661036,-6.37961628
-39.11726082,-6.38187516
-39.11928728,-6.38462703
-39.12272916,-6.38559495
-39.12596927,-6.38584833
-39.12686262,-6.38631481
-39.12721839,-6.38799651
-39.12729579,-6.39002124
-39.12900073,-6.40231653
-39.12985991,-6.40541447
-39.12985987,-6.40541448
