-37.64019235,-4.92517248
-37.68750164,-5.00081957
-37.71184097,-5.05348593
-37.79738518,-5.23657646
-37.81823902,-5.28363387
-37.81583982,-5.29250999
-37.81885983,-5.2967908
-37.81981224,-5.30099431
-37.82147839,-5.30496819
-37.82325655,-5.30785123
-37.82595106,-5.31106289
-37.8400147,-5.32223348
-37.84385598,-5.32666212
-37.85025936,-5.33634943
-37.85075489,-5.34163422
-37.85255326,-5.34843336
-37.85690523,-5.35655376
-37.85733687,-5.363818
-37.86167371,-5.37114169
-37.86427146,-5.37503515
-37.87410807,-5.38190967
-37.88200065,-5.39516128
-37.89008367,-5.4045681
-37.89311144,-5.40914848
-37.89606327,-5.41163409
-37.90154878,-5.42738939
-37.90155041,-5.43547288
-37.90155165,-5.44172791
-37.90421082,-5.44639569
-37.90506142,-5.44718441
-37.90603577,-5.44781311
-37.90710425,-5.44826271
-37.90823441,-5.44851955
-37.9090961,-5.44858071
-37.91328472,-5.4480147
-37.91750778,-5.44818615
-37.92163699,-5.44908987
-37.92212614,-5.44924845
-37.92563779,-5.45262681
-37.9287135,-5.45893711
-37.93083863,-5.46099374
-37.93257512,-5.46338892
-37.93387019,-5.46604989
-37.93402638,-5.46647447
-37.93857696,-5.47049973
-37.94250415,-5.47071829
-37.9501122,-5.46800955
-37.95654516,-5.46692378
-37.95663533,-5.46683578
-37.96583591,-5.46143629
-37.97498927,-5.4592594
-37.98294614,-5.45887427
-37.98553023,-5.45987526
-37.98831424,-5.46027861
-37.99030163,-5.46127859
-37.99487548,-5.46188424
-38.00800958,-5.45811885
-38.01141432,-5.4553532
-38.01612685,-5.45128812
-38.02212342,-5.44679636
-38.02876057,-5.44294864
-38.03676269,-5.43074166
-38.04366259,-5.4101058
-38.04367783,-5.40038967
-38.04368291,-5.39715096
-38.04707336,-5.39289923
-38.05096522,-5.38987524
-38.0594517,-5.38745936
-38.06511056,-5.38503902
-38.09580818,-5.3862999
-38.10631602,-5.38267179
-38.11562128,-5.37256416
-38.12128797,-5.36447536
-38.14270991,-5.35478934
-38.14554134,-5.35195933
-38.15362541,-5.34792202
-38.16617603,-5.32648195
-38.17345832,-5.31758495
-38.17629427,-5.31111106
-38.17712726,-5.29208395
-38.1791643,-5.2787264
-38.18321211,-5.27184917
-38.18201689,-5.25929705
-38.18485397,-5.25160848
-38.18567219,-5.2435124
-38.18377547,-5.2387861
-38.18164572,-5.23419543
-38.16227807,-5.22121447
-38.15099796,-5.21611853
-38.14929021,-5.21397255
-38.14890478,-5.20988909
-38.1482088,-5.20938493
-38.14809207,-5.20924799
-38.14731158,-5.20863229
-38.14679653,-5.20808693
-38.14633478,-5.20766272
-38.14572033,-5.20723491
-38.14472312,-5.20625028
-38.1443081,-5.2059099
-38.14202391,-5.20388469
-38.14184644,-5.20386792
-38.14124159,-5.2034022
-38.14039351,-5.20277236
-38.13996293,-5.20251526
-38.13941145,-5.20202847
-38.13904813,-5.20182546
-38.1385638,-5.20147378
-38.13840241,-5.2014059
-38.13816006,-5.20128421
-38.13791794,-5.20102375
-38.13761063,-5.20078135
-38.13724526,-5.20059442
-38.1370156,-5.200312
-38.13631477,-5.19975919
-38.13606148,-5.19964773
-38.13556756,-5.1991698
-38.13528141,-5.19891762
-38.13417755,-5.19756959
-38.13395067,-5.19712017
-38.13354719,-5.19674159
-38.13344005,-5.19630942
-38.13322497,-5.1960256
-38.13294323,-5.19525567
-38.13115471,-5.19340359
-38.13174171,-5.18759902
-38.13194511,-5.18657323
-38.13193361,-5.18512862
-38.13210973,-5.18435931
-38.13212378,-5.1839273
-38.13228641,-5.18317147
-38.13230533,-5.18246855
-38.13232895,-5.18160543
-38.13223518,-5.18124078
-38.13216827,-5.18093017
-38.13214171,-5.18066011
-38.13214215,-5.18033609
-38.13216936,-5.18013361
-38.13194581,-5.17985918
-38.13195477,-5.17949878
-38.13148481,-5.17849907
-38.13149933,-5.17772954
-38.13127109,-5.17722969
-38.13125891,-5.17628461
-38.13121873,-5.17612255
-38.13099163,-5.17478565
-38.13099248,-5.17416461
-38.13083212,-5.17325983
-38.13073896,-5.17244965
-38.13072701,-5.17134256
-38.13066423,-5.16800776
-38.13067903,-5.16702221
-38.13240936,-5.16211026
-38.13098547,-5.15954314
-38.12899541,-5.15743428
-38.12891507,-5.15709665
-38.12868645,-5.15688032
-38.12852536,-5.15651557
-38.12829679,-5.15625874
-38.12832422,-5.15589426
-38.12809569,-5.15561043
-38.12796172,-5.15511071
-38.12788127,-5.15485408
-38.12785471,-5.15458403
-38.1278555,-5.15400349
-38.1274129,-5.1527068
-38.12717063,-5.15262546
-38.12652531,-5.15186853
-38.1262161,-5.15150358
-38.12567807,-5.15107081
-38.12538218,-5.15081389
-38.12509951,-5.1507325
-38.12483055,-5.15047561
-38.1242923,-5.15020485
-38.12383469,-5.15004221
-38.12347135,-5.1498797
-38.12308096,-5.14979816
-38.12278494,-5.14963574
-38.1223944,-5.1496622
-38.12213879,-5.14948634
-38.12139826,-5.14943131
-38.12083305,-5.14918752
-38.12036205,-5.14897085
-38.12016033,-5.14878156
-38.12000799,-5.14850784
-38.11999963,-5.1481333
-38.12021582,-5.14759357
-38.12052568,-5.14748599
-38.12133394,-5.14724409
-38.12173794,-5.14721764
-38.1223716,-5.14665148
-38.12265485,-5.14630085
-38.12288406,-5.14608515
-38.12300538,-5.14583889
-38.1232484,-5.14551861
-38.12355859,-5.14516802
-38.12374753,-5.14485776
-38.12436383,-5.14430077
-38.12459707,-5.14396787
-38.12483961,-5.14384669
-38.12532571,-5.1428618
-38.1264899,-5.1383406
-38.12642305,-5.13798948
-38.12586405,-5.13728744
-38.1255064,-5.13674795
-38.12528088,-5.13624631
-38.12506578,-5.13598949
-38.12475697,-5.13534103
-38.12427308,-5.13470582
-38.12393715,-5.13419233
-38.12345386,-5.1331251
-38.12323881,-5.13284128
-38.12306424,-5.13249002
-38.12282231,-5.13216567
-38.1225803,-5.13189532
-38.12239209,-5.13167905
-38.12213662,-5.13140868
-38.12197548,-5.13108443
-38.1217064,-5.13092205
-38.12138382,-5.13048958
-38.121209,-5.13032733
-38.12098059,-5.1299625
-38.12071146,-5.12984062
-38.12009293,-5.12920523
-38.11950104,-5.12878588
-38.11920496,-5.12867747
-38.11889546,-5.12852853
-38.11835751,-5.12805526
-38.1180339,-5.12796119
-38.11771219,-5.12774934
-38.11635246,-5.12714794
-38.11598888,-5.12716093
-38.11555804,-5.12713334
-38.11483067,-5.12732134
-38.1146015,-5.12751004
-38.11236472,-5.12865451
-38.11214949,-5.1285057
-38.11178582,-5.1285862
-38.1114758,-5.12881528
-38.11117922,-5.12907138
-38.1102226,-5.12950208
-38.11000684,-5.12973129
-38.10930625,-5.13002733
-38.10891628,-5.13024183
-38.10869976,-5.13043151
-38.10849767,-5.13051224
-38.10825509,-5.13066041
-38.10807984,-5.13080867
-38.10759494,-5.13103787
-38.10694817,-5.13123912
-38.10655768,-5.13123857
-38.10601917,-5.13117031
-38.10533285,-5.13088584
-38.10494266,-5.13066928
-38.10444536,-5.13002054
-38.10421709,-5.12956119
-38.10412321,-5.12929105
-38.10394858,-5.12899378
-38.1039777,-5.12742773
-38.1042072,-5.12699603
-38.10488275,-5.12534987
-38.10509671,-5.12497677
-38.10527402,-5.12478339
-38.10536889,-5.12433799
-38.10561164,-5.12406832
-38.10566597,-5.12373087
-38.10583947,-5.12342769
-38.10605731,-5.12311038
-38.10621955,-5.12263808
-38.10630164,-5.1223122
-38.10642231,-5.12207133
-38.10666498,-5.12185565
-38.10677322,-5.12147778
-38.10694459,-5.12103991
-38.1070973,-5.12081669
-38.10720554,-5.12043882
-38.10754306,-5.11979125
-38.10757046,-5.11945377
-38.10789455,-5.11877918
-38.10794893,-5.11840123
-38.10820514,-5.11813157
-38.10842151,-5.11745683
-38.10859706,-5.11709256
-38.1086918,-5.11674167
-38.10896199,-5.116094
-38.10903666,-5.11568299
-38.10905732,-5.11531109
-38.10916551,-5.11497372
-38.10935661,-5.11309737
-38.10910119,-5.11279999
-38.10891298,-5.11258372
-38.10863084,-5.1121378
-38.10829315,-5.11183116
-38.10793161,-5.11146179
-38.10735325,-5.11101545
-38.10704397,-5.11071801
-38.10616938,-5.11027126
-38.10584655,-5.1100413
-38.10540248,-5.10985167
-38.1050044,-5.10962424
-38.10482403,-5.10947284
-38.10456481,-5.10935913
-38.1041645,-5.1092964
-38.10365337,-5.10891767
-38.10329007,-5.10874165
-38.10268486,-5.10824127
-38.10234544,-5.1080027
-38.10214699,-5.10772749
-38.10187811,-5.1074301
-38.10159554,-5.10729469
-38.10135354,-5.10703784
-38.10080219,-5.10653754
-38.10053342,-5.10615914
-38.10030473,-5.10601031
-38.09955174,-5.10528021
-38.09904095,-5.10465846
-38.09869123,-5.10440145
-38.09815335,-5.10390117
-38.09723846,-5.10340035
-38.09691537,-5.1033594
-38.09657899,-5.10319691
-38.09618854,-5.10318286
-38.09552906,-5.10297942
-38.09526008,-5.10276303
-38.09491019,-5.10262753
-38.09454692,-5.10243801
-38.09415654,-5.10236995
-38.0938472,-5.1021265
-38.09353761,-5.10205856
-38.09316084,-5.10189602
-38.09282438,-5.10178754
-38.09251498,-5.10158459
-38.09217845,-5.10153011
-38.09184208,-5.10135413
-38.09145165,-5.10132658
-38.09104787,-5.101218
-38.09083265,-5.10106919
-38.09018649,-5.10097377
-38.08936545,-5.10077009
-38.08896167,-5.10066151
-38.08863877,-5.10048555
-38.08839664,-5.10032319
-38.08820848,-5.09976192
-38.08806118,-5.09951267
-38.08794027,-5.09932349
-38.08784643,-5.09902634
-38.08783354,-5.0986213
-38.08764575,-5.0981215
-38.08768908,-5.09745528
-38.08757978,-5.09716286
-38.08756751,-5.09631229
-38.08738019,-5.09547498
-38.0872064,-5.09459718
-38.0869931,-5.0930848
-38.08707433,-5.09277439
-38.0870748,-5.09243687
-38.08694126,-5.09165364
-38.08684806,-5.09091097
-38.08666272,-5.09039906
-38.08623214,-5.08847996
-38.08603052,-5.08823666
-38.08516977,-5.0875604
-38.08484318,-5.08724334
-38.08448362,-5.0871949
-38.08412045,-5.08693787
-38.08360946,-5.08647812
-38.08336761,-5.08612676
-38.08307222,-5.08554581
-38.08310056,-5.08454679
-38.0831819,-5.08415539
-38.0832095,-5.0836829
-38.08345223,-5.08341323
-38.08347967,-5.08304875
-38.08401901,-5.08249598
-38.08448956,-5.08203744
-38.08535912,-5.08182127
-38.08778987,-5.08152009
-38.09152405,-5.08017633
-38.09386988,-5.07852597
-38.09521694,-5.07730937
-38.09817027,-5.07570336
-38.10073361,-5.07366162
-38.10574615,-5.06575746
-38.12085892,-5.05719484
-38.12849131,-5.05422312
-38.13612382,-5.05112165
-38.14643523,-5.04955938
-38.15358111,-5.04919984
-38.17336008,-5.05168877
-38.1849933,-5.05442625
-38.201351,-5.05812018
-38.21319405,-5.06070309
-38.2186373,-5.06038863
-38.22984852,-5.05590729
-38.23625525,-5.05302538
-38.24042002,-5.05078288
-38.24426238,-5.05046631
-38.24842268,-5.05207642
-38.25226247,-5.05400719
-38.26154044,-5.0601179
-38.26729847,-5.06461924
-38.27465746,-5.06912234
-38.28201764,-5.07266219
-38.29066213,-5.07299279
-38.3089189,-5.06691244
-38.32237475,-5.05890015
-38.32814287,-5.05409024
-38.33038474,-5.05345043
-38.3345447,-5.05570215
-38.33774383,-5.05827392
-38.34318229,-5.06277433
-38.34510465,-5.06149202
-38.34670844,-5.05860408
-38.3507371,-5.04760041
-38.35317723,-5.03846087
-38.35526067,-5.03065709
-38.3597757,-5.02218762
-38.36710453,-5.01654548
-38.36654501,-5.01259044
-38.36429824,-5.00580911
-38.36373983,-5.00072421
-38.36656076,-4.99620751
-38.37219715,-4.99282334
-38.38233786,-4.9917031
-38.39022373,-4.99227541
-38.39641762,-4.99510579
-38.40599047,-4.99906906
-38.41331366,-4.99907566
-38.43077378,-5.00248066
-38.44296378,-5.0067899
-38.45325445,-5.01402679
-38.46225719,-5.02255323
-38.46663214,-5.02410572
-38.47075427,-5.02228706
-38.47178666,-5.01662354
-38.47205134,-5.00758846
-38.47514879,-4.99700674
-38.47866844,-4.98783207
-38.48149433,-4.97597055
-38.48520946,-4.96939246
-38.48938894,-4.96524283
-38.49705846,-4.95830104
-38.50349983,-4.94978687
-38.50743092,-4.94322374
-38.51019823,-4.94153096
-38.51405934,-4.94127564
-38.52094814,-4.94549342
-38.52560613,-4.94627548
-38.53104539,-4.94412756
-38.53696711,-4.94180834
-38.54108598,-4.94103674
-38.54288721,-4.94181245
-38.54468797,-4.9436198
-38.54623055,-4.94594522
-38.54906174,-4.9462053
-38.55163745,-4.9436255
-38.55369836,-4.94104535
-38.55601732,-4.93743273
-38.56065212,-4.93485427
-38.56374051,-4.93537261
-38.57094389,-4.94105673
-38.57711911,-4.94467487
-38.5794326,-4.9495813
-38.58123375,-4.95061506
-38.58509572,-4.94906856
-38.5887006,-4.94700556
-38.59033763,-4.94708693
-38.5925608,-4.94829873
-38.59603027,-4.95126452
-38.59712391,-4.95390146
-38.59876691,-4.95423692
-38.60040943,-4.95423298
-38.60238,-4.95566215
-38.60413161,-4.95698134
-38.60619521,-4.96147295
-38.60807137,-4.96225623
-38.60883702,-4.9640142
-38.61082639,-4.96508989
-38.61245027,-4.96588369
-38.61551573,-4.96808238
-38.61682979,-4.96852253
-38.62132062,-4.96808574
-38.62646874,-4.96742961
-38.6297552,-4.96622316
-38.6320558,-4.96523585
-38.63488712,-4.96451253
-38.6373142,-4.9631517
-38.63983395,-4.96194478
-38.64198798,-4.96072718
-38.64357847,-4.95969157
-38.64552681,-4.95841696
-38.64624463,-4.9539924
-38.64576927,-4.95096246
-38.64612749,-4.95004577
-38.64717986,-4.94744918
-38.65026294,-4.94681895
-38.65610523,-4.94797808
-38.65702062,-4.94566641
-38.65630609,-4.94387215
-38.65420241,-4.93944798
-38.65582279,-4.9330263
-38.65543797,-4.92666845
-38.65497136,-4.92514464
-38.6538638,-4.92410676
-38.65198506,-4.92297483
-38.64928026,-4.92025913
-38.64755177,-4.91935346
-38.64649983,-4.91844815
-38.64544774,-4.91784442
-38.64424542,-4.91701441
-38.64311844,-4.91588286
-38.641841,-4.91497742
-38.64048831,-4.91422273
-38.63988738,-4.91339304
-38.63891076,-4.91226156
-38.63823471,-4.91135644
-38.63763394,-4.91022517
-38.63718341,-4.90932016
-38.63620667,-4.90841487
-38.63505612,-4.90755993
-38.63482872,-4.90698164
-38.63395265,-4.90637794
-38.63312626,-4.90547272
-38.63351415,-4.90362856
-38.63327962,-4.90262512
-38.63296986,-4.90129977
-38.63167963,-4.90020557
-38.6300475,-4.8995901
-38.626439,-4.90019127
-38.62479805,-4.89927032
-38.62405309,-4.89851178
-38.62225605,-4.89668198
-38.6184739,-4.89399767
-38.61691389,-4.8933247
-38.61249632,-4.88810392
-38.61235977,-4.8880153
-38.60355207,-4.88335303
-38.6031864,-4.88267603
-38.60176174,-4.88063452
-38.60000529,-4.87887216
-38.59076548,-4.87319857
-38.59052993,-4.87321449
-38.58872318,-4.87260247
-38.58743965,-4.8715826
-38.58656805,-4.87102591
-38.58571956,-4.87044617
-38.58480293,-4.86968137
-38.58365485,-4.86921648
-38.58287398,-4.86893732
-38.58216159,-4.86877388
-38.58133396,-4.86865639
-38.580734,-4.86904787
-38.58013522,-4.86918513
-38.57914537,-4.86932148
-38.57859293,-4.86938951
-38.57769402,-4.86975718
-38.57702677,-4.86977872
-38.57633436,-4.87026242
-38.57548231,-4.8704453
-38.57459438,-4.87031429
-38.5739438,-4.86984081
-38.57236005,-4.86907443
-38.57121306,-4.86837841
-38.56988659,-4.86671132
-38.56944741,-4.86587898
-38.56927511,-4.86465303
-38.56932545,-4.86372872
-38.56905373,-4.86280366
-38.56919512,-4.86208756
-38.56896702,-4.86167103
-38.56876345,-4.86093101
-38.56832864,-4.86044466
-38.56791554,-4.86023569
-38.56692797,-4.8598867
-38.56610133,-4.8595612
-38.56474635,-4.85907267
-38.56350672,-4.85851509
-38.56210617,-4.857934
-38.56166974,-4.85779431
-38.56082064,-4.85735319
-38.56015612,-4.85679696
-38.55953783,-4.85619462
-38.55871348,-4.85538379
-38.55793558,-4.85448063
-38.55616828,-4.85362135
-38.55499942,-4.85269414
-38.55378347,-4.85199793
-38.55259008,-4.85139422
-38.55167286,-4.85076804
-38.55112425,-4.8500272
-38.55020627,-4.8495628
-38.5488753,-4.84886631
-38.54788842,-4.84837863
-38.5468563,-4.84772907
-38.54614492,-4.8473576
-38.54527186,-4.8471244
-38.5452034,-4.84700869
-38.54421554,-4.846729
-38.54341073,-4.84665774
-38.54258259,-4.84665576
-38.54124957,-4.84639835
-38.54032985,-4.8463037
-38.53977765,-4.84632548
-38.53851342,-4.84611445
-38.5375937,-4.8460198
-38.53628467,-4.84555445
-38.53596273,-4.84553056
-38.53543484,-4.84527507
-38.53490751,-4.84490404
-38.53389764,-4.84441628
-38.5329811,-4.84365143
-38.53206336,-4.84314079
-38.53162936,-4.84249264
-38.53082653,-4.84200539
-38.53068862,-4.84198194
-38.52947238,-4.84135502
-38.52841772,-4.84061294
-38.5275931,-4.83987141
-38.52644742,-4.83892111
-38.52553178,-4.83797136
-38.52475328,-4.83720683
-38.52404401,-4.83639625
-38.5231286,-4.83540028
-38.52232688,-4.83468191
-38.52166374,-4.83384832
-38.52088635,-4.83285269
-38.51983149,-4.83215681
-38.51932707,-4.83180893
-38.51879964,-4.83146099
-38.51859272,-4.83143738
-38.51838657,-4.83125199
-38.51785728,-4.83129693
-38.51758091,-4.83136559
-38.5173041,-4.83152669
-38.51714198,-4.8317574
-38.51644957,-4.83224104
-38.51584961,-4.83263246
-38.51540935,-4.83330159
-38.51503723,-4.83415577
-38.51402111,-4.83498528
-38.5131209,-4.83563018
-38.51215376,-4.83583581
-38.51116538,-4.83567163
-38.50992541,-4.83520639
-38.50923597,-4.83506605
-38.50843327,-4.83455565
-38.50740243,-4.83365183
-38.50646349,-4.83277133
-38.50509505,-4.83238167
-38.50387798,-4.83177095
-38.50266077,-4.8313635
-38.50134196,-4.83115925
-38.49971853,-4.8312597
-38.49829811,-4.83125865
-38.49728353,-4.8312579
-38.4958631,-4.83125684
-38.49474698,-4.83135765
-38.49342808,-4.83125503
-38.49221081,-4.8309492
-38.49130449,-4.83057904
-38.49025322,-4.82988324
-38.48895005,-4.82918638
-38.48799024,-4.82853705
-38.48659489,-4.82802418
-38.48480982,-4.82764794
-38.4841923,-4.82739183
-38.48288929,-4.82664887
-38.48181384,-4.82636779
-38.48005318,-4.82550767
-38.47920219,-4.82496772
-38.47868305,-4.8242574
-38.4784552,-4.8238877
-38.47829691,-4.82324174
-38.47839536,-4.82264497
-38.47873574,-4.82204517
-38.47921922,-4.82121754
-38.47938046,-4.82091861
-38.47949718,-4.82020467
-38.47942193,-4.81956758
-38.47915712,-4.81909701
-38.47872382,-4.81851903
-38.47812929,-4.81810851
-38.47739706,-4.81805252
-38.47686979,-4.81823467
-38.47606765,-4.81843871
-38.47537964,-4.81864643
-38.47462287,-4.81910096
-38.47379812,-4.81921272
-38.47290524,-4.81913981
-38.47201286,-4.81890558
-38.47100693,-4.81837127
-38.47020666,-4.81797611
-38.46910826,-4.81771796
-38.46833132,-4.81718461
-38.46771476,-4.8166289
-38.46741058,-4.81592266
-38.46684124,-4.81518888
-38.4654286,-4.81374371
-38.46428888,-4.8128486
-38.46255697,-4.81124256
-38.46116701,-4.80988902
-38.45966313,-4.80842077
-38.45825073,-4.8068611
-38.45715706,-4.80575998
-38.45551712,-4.80381062
-38.45431029,-4.80218262
-38.45283078,-4.79989008
-38.45096285,-4.7978029
-38.44952766,-4.79624317
-38.44802438,-4.79447723
-38.44622357,-4.79314581
-38.44572178,-4.7929388
-38.44392014,-4.79206533
-38.44198345,-4.79016119
-38.44057108,-4.78862439
-38.43850015,-4.78525451
-38.43688364,-4.78303037
-38.43410427,-4.78014003
-38.43175691,-4.7781664
-38.42988698,-4.77722409
-38.42790353,-4.77596098
-38.42528298,-4.77362046
-38.42364363,-4.77144205
-38.42248284,-4.76967671
-38.42184669,-4.76809554
-38.42175624,-4.76763741
-38.42155304,-4.76644632
-38.42167062,-4.76459178
-38.42235775,-4.76331077
-38.42222332,-4.76195953
-38.42176956,-4.76049319
-38.42072197,-4.75923182
-38.41942208,-4.75863403
-38.41807582,-4.75842541
-38.41759612,-4.75863059
-38.41681901,-4.75920159
-38.41638423,-4.75979612
-38.41569851,-4.76032149
-38.41441964,-4.76068545
-38.41359697,-4.76121055
-38.41275143,-4.76175851
-38.4121573,-4.76212376
-38.40815081,-4.75646033
-38.40689672,-4.75579391
-38.40637301,-4.75512887
-38.40466425,-4.75349985
-38.40322887,-4.75214614
-38.40097256,-4.75040158
-38.39919457,-4.74918459
-38.3968472,-4.74732537
-38.3968015,-4.74734818
-38.39634598,-4.74684355
-38.39449849,-4.74617597
-38.39260588,-4.74523353
-38.39094156,-4.74426862
-38.39028141,-4.74335143
-38.38969052,-4.7420222
-38.38923649,-4.74073904
-38.38884927,-4.74032613
-38.38649977,-4.73961177
-38.38531508,-4.73848749
-38.38312606,-4.73740706
-38.38029943,-4.73556976
-38.38004352,-4.73526919
-38.37886475,-4.73389543
-38.37793149,-4.73258844
-38.37678305,-4.73101456
-38.37656569,-4.73070815
-38.37529049,-4.72919441
-38.37538284,-4.72864504
-38.37444955,-4.72736094
-38.37367717,-4.7254818
-38.37304183,-4.72355714
-38.37333972,-4.72293947
-38.37302231,-4.72183974
-38.37170175,-4.72018852
-38.37001576,-4.71867398
-38.36821623,-4.71686154
-38.36577794,-4.71491046
-38.36329367,-4.71314247
-38.362633,-4.71252293
-38.36195036,-4.71146829
-38.36195063,-4.7113309
-38.3613591,-4.71036803
-38.36060929,-4.70864921
-38.36170691,-4.70755225
-38.36127475,-4.70679578
-38.36077469,-4.70574149
-38.35956968,-4.70338064
-38.35888745,-4.70211992
-38.3574322,-4.69934641
-38.3567974,-4.69716986
-38.35476885,-4.69581491
-38.35331024,-4.69478164
-38.35155521,-4.69361039
-38.34989161,-4.69237063
-38.34877561,-4.69120064
-38.34733903,-4.69057957
-38.34601679,-4.68984423
-38.34586031,-4.68817237
-38.34563406,-4.68716441
-38.34472294,-4.6862696
-38.34337775,-4.6856029
-38.34200817,-4.68573758
-38.34191675,-4.6858061
-38.34045646,-4.68564292
-38.33883751,-4.68492988
-38.33801728,-4.68424132
-38.33728973,-4.6828431
-38.33573957,-4.68196991
-38.33455696,-4.67988385
-38.33442287,-4.67844102
-38.33285004,-4.67749908
-38.33282758,-4.67731585
-38.33050277,-4.67579996
-38.32913521,-4.67492712
-38.327061,-4.6736407
-38.32553369,-4.67276753
-38.32375486,-4.67214573
-38.32170185,-4.67168367
-38.32042395,-4.67163531
-38.31907749,-4.67163261
-38.31729739,-4.67165193
-38.31537976,-4.67196865
-38.31458037,-4.67228761
-38.31394055,-4.67269848
-38.31352872,-4.6732243
-38.3128652,-4.67407018
-38.31190482,-4.67500706
-38.31178971,-4.67551057
-38.31124034,-4.67633379
-38.3095038,-4.67738358
-38.30833765,-4.67850321
-38.3061911,-4.6791629
-38.30438756,-4.67947981
-38.30322394,-4.67934006
-38.30306429,-4.67929394
-38.30041954,-4.67802919
-38.29932639,-4.67690497
-38.2981868,-4.67616993
-38.2954501,-4.67524844
-38.2940606,-4.67396333
-38.29278429,-4.6731364
-38.29166996,-4.67121071
-38.29064892,-4.66830062
-38.28889636,-4.66600726
-38.28748501,-4.66426414
-38.28562032,-4.66100885
-38.28441339,-4.659747
-38.28277404,-4.65791181
-38.28142973,-4.65687865
-38.27953796,-4.65572988
-38.27894739,-4.6543777
-38.2775342,-4.65355047
-38.27539175,-4.65224089
-38.27407019,-4.65125356
-38.27306995,-4.64937388
-38.27079145,-4.64765185
-38.268217,-4.64558573
-38.26799215,-4.64395953
-38.26655812,-4.64219344
-38.26450116,-4.6417435
-38.26080415,-4.63940638
-38.25805667,-4.63876716
-38.25425134,-4.63897526
-38.25224119,-4.6407761
-38.25209367,-4.64280342
-38.2523403,-4.64703355
-38.25225248,-4.64875221
-38.25185402,-4.64990766
-38.25121678,-4.65099712
-38.25093334,-4.65355389
-38.25070087,-4.65458989
-38.25071819,-4.6562262
-38.25062276,-4.657355
-38.25045929,-4.65829913
-38.24995083,-4.65970261
-38.24953474,-4.66087605
-38.24941775,-4.66161298
-38.24819078,-4.66559431
-38.24770363,-4.66745879
-38.24721821,-4.66881628
-38.24691721,-4.66980587
-38.24652399,-4.67097942
-38.24578705,-4.67224359
-38.24479725,-4.6738062
-38.24371721,-4.67497664
-38.24250082,-4.67584686
-38.24144556,-4.67646431
-38.24071169,-4.67682972
-38.23952016,-4.67709071
-38.23844398,-4.67716513
-38.23688663,-4.67731939
-38.23569582,-4.67740617
-38.23489405,-4.67754081
-38.23416176,-4.6774453
-38.23292627,-4.67720924
-38.23165172,-4.67713612
-38.22906103,-4.67540183
-38.22703329,-4.67387244
-38.22601914,-4.67336227
-38.22348463,-4.67132327
-38.21942892,-4.66851899
-38.21663992,-4.66724325
-38.21308907,-4.66673023
-38.21004386,-4.66774491
-38.20344492,-4.67079174
-38.20090617,-4.67257052
-38.19617237,-4.67572887
-38.19487516,-4.67647399
-38.19373423,-4.67682087
-38.19257009,-4.67703848
-38.19147882,-4.6771467
-38.19064249,-4.67696327
-38.19002246,-4.67613025
-38.18961921,-4.67511534
-38.18921595,-4.67410043
-38.18881277,-4.6730179
-38.18865436,-4.6719467
-38.18825802,-4.6710825
-38.18791736,-4.6702974
-38.18730165,-4.66960321
-38.18682315,-4.66895574
-38.18625266,-4.66842308
-38.1855445,-4.66798196
-38.18476806,-4.6674253
-38.18417469,-4.66689253
-38.18355899,-4.66619834
-38.18310306,-4.66564316
-38.18271541,-4.66520352
-38.18248768,-4.66485679
-38.18191745,-4.66425499
-38.18148385,-4.66386123
-38.18100455,-4.66344421
-38.18043343,-4.6630959
-38.17979403,-4.66263205
-38.17903993,-4.6622368
-38.17840021,-4.66186513
-38.17782853,-4.66167813
-38.1770741,-4.66137507
-38.17558758,-4.66093035
-38.17416966,-4.66050899
-38.17334583,-4.66041301
-38.1722248,-4.66020042
-38.171538,-4.66019725
-38.17064541,-4.66012399
-38.16982109,-4.66016626
-38.16885934,-4.66023095
-38.16714137,-4.66049954
-38.1655378,-4.66079171
-38.16434654,-4.66101664
-38.16324628,-4.66140331
-38.162559,-4.66153839
-38.16116105,-4.66194672
-38.16017574,-4.66219564
-38.15900795,-4.66225936
-38.15777131,-4.66236885
-38.15683285,-4.6623184
-38.15571199,-4.6620597
-38.15534594,-4.66198887
-38.15459104,-4.66182404
-38.15431649,-4.66177668
-38.15337803,-4.66172623
-38.15209692,-4.66146678
-38.15131945,-4.66120967
-38.15063381,-4.66088385
-38.14988013,-4.66037335
-38.1491496,-4.65979383
-38.14848882,-4.65891505
-38.14805541,-4.65847518
-38.14739487,-4.65752726
-38.14689426,-4.65667227
-38.14639324,-4.6559325
-38.14598371,-4.6552162
-38.14548269,-4.65447643
-38.1451,-4.65392964
-38.144508,-4.65328093
-38.14402337,-4.65295634
-38.1434848,-4.65268569
-38.14283845,-4.65241491
-38.14212549,-4.65220239
-38.14134754,-4.65208353
-38.14066068,-4.65210338
-38.13953885,-4.65212119
-38.13839381,-4.65223107
-38.13727165,-4.65234106
-38.13599451,-4.65235254
-38.13505106,-4.65233069
-38.13299022,-4.65245932
-38.13200634,-4.65261763
-38.130906,-4.65272612
-38.12932574,-4.65290308
-38.12801811,-4.6529367
-38.12671623,-4.65282173
-38.12525068,-4.65293009
-38.12387696,-4.65296974
-38.12262894,-4.653092
-38.12160984,-4.65316651
-38.12060182,-4.65336918
-38.11991479,-4.65343509
-38.11899826,-4.65366124
-38.11788551,-4.65400405
-38.11705064,-4.65413603
-38.11556187,-4.65433644
-38.11427417,-4.65459351
-38.11297335,-4.65478516
-38.11187717,-4.65518506
-38.11095613,-4.6555131
-38.10960331,-4.65610589
-38.10811295,-4.65674412
-38.10680582,-4.65736017
-38.10595746,-4.65772489
-38.1050629,-4.65820461
-38.1035727,-4.65879674
-38.10212805,-4.65945821
-38.10132546,-4.65982314
-38.10013245,-4.66053189
-38.09969657,-4.66078332
-38.09919101,-4.66131096
-38.09844172,-4.66231972
-38.09799382,-4.66317192
-38.0974169,-4.66443664
-38.09711628,-4.66526483
-38.09686195,-4.66595496
-38.0966306,-4.66662216
-38.09635329,-4.66733523
-38.09605259,-4.66818646
-38.09595784,-4.6690617
-38.09574904,-4.66982119
-38.0955592,-4.67166386
-38.09521203,-4.67269922
-38.09477279,-4.67387242
-38.0939447,-4.67495159
-38.09304759,-4.67612261
-38.09215107,-4.67713233
-38.09118678,-4.67788823
-38.08992405,-4.67887315
-38.08917794,-4.67941441
-38.08852403,-4.67983438
-38.08762884,-4.68047538
-38.08680207,-4.68118584
-38.0857793,-4.68210991
-38.08502412,-4.68264891
-38.08423045,-4.68324763
-38.08324376,-4.68386514
-38.08239401,-4.68459852
-38.08147549,-4.68535462
-38.08021281,-4.68631649
-38.07888221,-4.68707062
-38.07789585,-4.68759595
-38.07633749,-4.68802637
-38.07429963,-4.68810883
-38.07319184,-4.68794656
-38.07210271,-4.68786791
-38.0708205,-4.68790788
-38.0692635,-4.68796958
-38.06772972,-4.68793921
-38.06633322,-4.68793254
-38.0648231,-4.68769487
-38.06429681,-4.68762322
-38.06296908,-4.68759383
-38.0597412,-4.68755534
-38.05724078,-4.68733124
-38.05450178,-4.68667759
-38.05255678,-4.68641477
-38.05015436,-4.68603453
-38.0479115,-4.6858394
-38.04624038,-4.68580832
-38.04445531,-4.68563843
-38.04287696,-4.68528517
-38.04209868,-4.68525838
-38.04118355,-4.68509267
-38.0399703,-4.68506378
-38.0384603,-4.68480302
-38.03715625,-4.68456629
-38.03571475,-4.68435195
-38.03471907,-4.68411094
-38.03358819,-4.68367341
-38.0321022,-4.68311317
-38.03159898,-4.68299552
-38.03059238,-4.68280631
-38.02974585,-4.68266396
-38.02901396,-4.68247607
-38.02784728,-4.68223999
-38.02716118,-4.68205232
-38.02624641,-4.68179441
-38.02475871,-4.68169504
-38.02394432,-4.68166608
-38.02272167,-4.68156997
-38.02166911,-4.68142661
-38.02116573,-4.68135504
-38.02004441,-4.68123439
-38.01896879,-4.681137
-38.01819095,-4.68099496
-38.01745846,-4.68096837
-38.01647332,-4.68096117
-38.0156273,-4.68089036
-38.01420768,-4.68095261
-38.01342881,-4.68108709
-38.01242031,-4.68140481
-38.01150356,-4.68167689
-38.00999073,-4.68217651
-38.00905126,-4.68240239
-38.00856964,-4.68263049
-38.00769807,-4.68306408
-38.0069312,-4.68348557
-38.00625217,-4.6840249
-38.00579276,-4.68443746
-38.00519581,-4.68489543
-38.00482804,-4.68528539
-38.00443774,-4.68558307
-38.00379517,-4.68599473
-38.00315454,-4.68655804
-38.00269214,-4.68709547
-38.00153638,-4.68758168
-37.99987946,-4.68783037
-37.99730372,-4.68799963
-37.99490419,-4.68808072
-37.99279628,-4.68833618
-37.99063476,-4.68857341
-37.98884158,-4.68892492
-37.98736991,-4.68909085
-37.98596713,-4.68921041
-37.98454103,-4.68921465
-37.98334482,-4.68917204
-37.98201073,-4.689176
-37.98101499,-4.68904525
-37.98028467,-4.68883495
-37.97950192,-4.68858341
-37.97851198,-4.68826325
-37.97765967,-4.68780421
-37.97661113,-4.68714131
-37.97583866,-4.68637876
-37.97516879,-4.68534223
-37.97479914,-4.6847433
-37.97408347,-4.68377614
-37.97380588,-4.68320001
-37.97347215,-4.68204859
-37.97327259,-4.68163228
-37.97223421,-4.68041221
-37.97154669,-4.67938376
-37.97073369,-4.67840886
-37.9697427,-4.67769636
-37.96874541,-4.67686
-37.96766878,-4.67629473
-37.96626503,-4.67604501
-37.96497209,-4.67581984
-37.96384917,-4.67577519
-37.96281419,-4.67580132
-37.96168702,-4.67575848
-37.9605374,-4.67592341
-37.95941085,-4.67611134
-37.95838016,-4.6760655
-37.9572712,-4.67590993
-37.95554501,-4.67549959
-37.95434741,-4.67492616
-37.95372526,-4.67451258
-37.95219278,-4.67364792
-37.95066236,-4.6731138
-37.95004547,-4.67276895
-37.94953371,-4.67251708
-37.94852075,-4.67217387
-37.94760737,-4.67152463
-37.94674628,-4.67090978
-37.94545577,-4.66999043
-37.94363525,-4.66870339
-37.94248232,-4.6676221
-37.94186001,-4.66713928
-37.94001539,-4.6654369
-37.93950759,-4.66476912
-37.93876924,-4.66389432
-37.93844501,-4.66306446
-37.93775284,-4.66225875
-37.9371531,-4.66161432
-37.93650706,-4.66085464
-37.93567015,-4.65980086
-37.9351083,-4.65881123
-37.93484322,-4.6579286
-37.93472551,-4.65691352
-37.93481831,-4.65509839
-37.93481024,-4.6541901
-37.93487678,-4.65326679
-37.93480605,-4.65262082
-37.93489626,-4.6519513
-37.93484774,-4.65100525
-37.93505165,-4.64985077
-37.93526419,-4.64918768
-37.93530034,-4.6482346
-37.93543507,-4.64701109
-37.93538598,-4.64585734
-37.93522147,-4.64454238
-37.93494177,-4.64315853
-37.93466343,-4.64228239
-37.93385468,-4.640877
-37.93277018,-4.63956473
-37.93192766,-4.63848888
-37.93090204,-4.63763163
-37.93010871,-4.63728195
-37.9300656,-4.63680162
-37.9291122,-4.63584207
-37.92799989,-4.6347226
-37.92688734,-4.63376281
-37.92545869,-4.63136539
-37.92387235,-4.62800963
-37.92276079,-4.62641111
-37.92180909,-4.62433378
-37.92053961,-4.6219366
-37.91911148,-4.61921981
-37.91831869,-4.6173024
-37.91450644,-4.61266577
-37.91355648,-4.60947066
-37.91324112,-4.60755399
-37.91006722,-4.60040882
-37.90964061,-4.5973451
-37.90869068,-4.59052319
-37.90786434,-4.58534987
-37.90469002,-4.5799158
-37.90389608,-4.57879681
-37.90278535,-4.57671924
-37.90183278,-4.57528063
-37.90051659,-4.57460962
-37.89991713,-4.57384525
-37.89929041,-4.57288149
-37.89771766,-4.57199352
-37.89691751,-4.57155029
-37.89547432,-4.57095943
-37.8930359,-4.56997723
-37.89175581,-4.56917162
-37.89103637,-4.5683267
-37.89035684,-4.5675622
-37.88991597,-4.56717886
-37.88958922,-4.56641872
-37.88931404,-4.56565748
-37.88841363,-4.56432158
-37.88772215,-4.56372355
-37.88673134,-4.56298792
-37.88569357,-4.56188318
-37.88493237,-4.56100843
-37.88407985,-4.56038779
-37.88334184,-4.55958219
-37.88198285,-4.55875531
-37.88103926,-4.55848108
-37.88057872,-4.55825163
-37.87995709,-4.55797648
-37.87878238,-4.55726445
-37.8774694,-4.55643742
-37.87689346,-4.55604676
-37.87608366,-4.55570779
-37.87514397,-4.55538252
-37.8740824,-4.5548654
-37.87291084,-4.55444273
-37.87182886,-4.55400735
-37.87102326,-4.55373272
-37.87003382,-4.55350478
-37.86922804,-4.55316092
-37.86844544,-4.55288622
-37.86759361,-4.55251941
-37.86651248,-4.55240711
-37.86533865,-4.55201814
-37.86455624,-4.55181267
-37.86347463,-4.55151574
-37.86218564,-4.55105786
-37.86183545,-4.55084517
-37.86133232,-4.55011412
-37.86077837,-4.54933107
-37.8605282,-4.54861726
-37.86031502,-4.54801698
-37.86017608,-4.54764814
-37.85994839,-4.54686486
-37.8597119,-4.54601098
-37.85955081,-4.54500328
-37.85937055,-4.54413932
-37.85929922,-4.542923
-37.85937939,-4.54195032
-37.85946874,-4.54093467
-37.85970438,-4.5402355
-37.8601089,-4.53950206
-37.86075074,-4.5387156
-37.86141539,-4.53785985
-37.86219478,-4.53691146
-37.86274542,-4.53642527
-37.86320419,-4.5359855
-37.86414545,-4.5353828
-37.86504024,-4.53459562
-37.86598119,-4.53387754
-37.8671063,-4.53322816
-37.86770255,-4.53260337
-37.86809137,-4.53179455
-37.86852659,-4.53114714
-37.86875752,-4.5304763
-37.86884503,-4.52980774
-37.86875093,-4.5290003
-37.86877157,-4.52810023
-37.86879136,-4.52687707
-37.86888183,-4.52629988
-37.86894716,-4.52558703
-37.86891166,-4.52500315
-37.86883987,-4.52434623
-37.86865873,-4.52376211
-37.86852922,-4.52337007
-37.86820571,-4.52277098
-37.86802018,-4.5221715
-37.86758151,-4.52150351
-37.86723507,-4.52092757
-37.86702618,-4.5201897
-37.86679375,-4.51924419
-37.86639975,-4.51806837
-37.86621403,-4.51739966
-37.86616665,-4.51686902
-37.86608471,-4.51587441
-37.86618505,-4.51511509
-37.86625198,-4.51433027
-37.8663885,-4.51377602
-37.86666281,-4.51315215
-37.86684586,-4.51280546
-37.8672582,-4.51220427
-37.86799223,-4.51150985
-37.86824463,-4.51130143
-37.86847409,-4.51111615
-37.8687035,-4.5109078
-37.86916261,-4.51060648
-37.8700346,-4.50991165
-37.87104414,-4.50905489
-37.87159476,-4.50848923
-37.87209924,-4.50803646
-37.87228786,-4.50761456
-37.87250687,-4.50725
-37.87262454,-4.50667338
-37.87258132,-4.50619193
-37.8726681,-4.50575016
-37.87294708,-4.50509781
-37.87305591,-4.5045721
-37.87305832,-4.50378437
-37.87321335,-4.50323316
-37.87367955,-4.50228926
-37.87466546,-4.50041913
-37.87491524,-4.49969984
-37.87529932,-4.49828543
-37.87577752,-4.49712462
-37.87598045,-4.49631323
-37.87606111,-4.49446202
-37.87625371,-4.49374627
-37.87633925,-4.49322806
-37.87621076,-4.49268781
-37.87579286,-4.49229008
-37.87549048,-4.49201519
-37.87517761,-4.49175732
-37.87479383,-4.49155877
-37.87428512,-4.49156329
-37.87338391,-4.49166383
-37.87234455,-4.49185812
-37.87204484,-4.49199957
-37.87142184,-4.49221329
-37.87080032,-4.4926583
-37.86985597,-4.49324497
-37.86870424,-4.49394914
-37.86785237,-4.49453498
-37.86702244,-4.49493558
-37.86646926,-4.49521807
-37.86552386,-4.49564282
-37.86444135,-4.49632323
-37.86342924,-4.49716494
-37.86269092,-4.49742593
-37.86188293,-4.49764128
-37.86107465,-4.49781037
-37.86005752,-4.49786565
-37.85906278,-4.49780509
-37.85818292,-4.49762784
-37.85732662,-4.49751978
-37.85614646,-4.49739146
-37.85547309,-4.49695794
-37.85477674,-4.49654776
-37.85438129,-4.49618117
-37.85365829,-4.49521608
-37.85354106,-4.49496267
-37.85311705,-4.49374049
-37.8528325,-4.49263273
-37.85278449,-4.49235558
-37.85268891,-4.49187068
-37.85256888,-4.49117782
-37.85226048,-4.48995461
-37.85167446,-4.48871073
-37.85148242,-4.48760215
-37.85126489,-4.4861237
-37.85119008,-4.48526852
-37.85106784,-4.48422871
-37.85104163,-4.48374319
-37.85091998,-4.4827959
-37.85084281,-4.48157065
-37.85076873,-4.48083112
-37.85076196,-4.47976715
-37.85073545,-4.47923538
-37.85063958,-4.47870422
-37.8504035,-4.47794299
-37.85025961,-4.47713468
-37.84990732,-4.47628196
-37.84959746,-4.47482746
-37.84935667,-4.47332608
-37.84900056,-4.47187199
-37.84871676,-4.47087988
-37.84831279,-4.46917177
-37.84807892,-4.46875749
-37.84756375,-4.4677443
-37.84702679,-4.46693948
-37.84586509,-4.4660708
-37.84533063,-4.46565918
-37.84461061,-4.46515668
-37.84433153,-4.46490471
-37.84395819,-4.46437601
-37.84328294,-4.46364181
-37.84200211,-4.46221904
-37.84171892,-4.46131945
-37.84139124,-4.46069782
-37.84108595,-4.45996033
-37.84082793,-4.45938435
-37.84054532,-4.45857727
-37.84044828,-4.45786107
-37.84023489,-4.45703025
-37.84020662,-4.45622092
-37.84020412,-4.45582772
-37.84024889,-4.45559602
-37.84017614,-4.45506465
-37.84030296,-4.45318993
-37.84117129,-4.45156307
-37.84213886,-4.45099936
-37.84303884,-4.45071381
-37.84398506,-4.45042785
-37.84456178,-4.45021456
-37.84499858,-4.44981746
-37.84557324,-4.44928035
-37.84580018,-4.44860754
-37.84589016,-4.44821352
-37.84581741,-4.44768215
-37.84546573,-4.44692195
-37.84520506,-4.44592964
-37.84503643,-4.44486711
-37.84473084,-4.44408337
-37.84398021,-4.44240147
-37.84325343,-4.44083502
-37.84257393,-4.43943006
-37.84168811,-4.4383045
-37.84089462,-4.43715499
-37.84024237,-4.43639746
-37.83926407,-4.43527272
-37.83825986,-4.43370872
-37.8368137,-4.43173229
-37.8354157,-4.43005613
-37.83439221,-4.4290937
-37.83308714,-4.42748611
-37.83208515,-4.42626905
-37.83113118,-4.42532914
-37.83059352,-4.42440867
-37.82905462,-4.42238679
-37.8276375,-4.42133533
-37.82677646,-4.42046398
-37.82581985,-4.41910774
-37.82519192,-4.41853503
-37.82414342,-4.41727212
-37.82309728,-4.41637928
-37.82200519,-4.41553311
-37.82068337,-4.41492027
-37.8194966,-4.41372798
-37.81833516,-4.41288241
-37.81728902,-4.41198957
-37.81554826,-4.41094095
-37.81496259,-4.41036115
-37.8142462,-4.40979593
-37.81359444,-4.40910777
-37.81273343,-4.40823642
-37.8117555,-4.40715792
-37.81131036,-4.40623663
-37.81021478,-4.40483535
-37.80916413,-4.40322549
-37.80869572,-4.40228127
-37.8080409,-4.4011074
-37.80738608,-4.39967353
-37.80736132,-4.39946749
-37.8054269,-4.39987961
-37.8054249,-4.39987985
-37.80424185,-4.39999453
-37.80326108,-4.39993232
-37.80172063,-4.39941975
-37.80118904,-4.39916925
-37.80020645,-4.3986642
-37.79852391,-4.39768225
-37.79800383,-4.39743825
-37.79717302,-4.39719417
-37.7963126,-4.3970986
-37.79584271,-4.39711011
-37.79545069,-4.39716696
-37.79507446,-4.39729126
-37.79500578,-4.3973222
-37.7936793,-4.39817817
-37.79237003,-4.39876218
-37.78756648,-4.40033219
-37.78569185,-4.4009859
-37.78387462,-4.40169884
-37.77943583,-4.40359844
-37.77926304,-4.4036691
-37.77908906,-4.40373672
-37.77891393,-4.40380127
-37.7787377,-4.40386275
-37.77856043,-4.40392114
-37.77838217,-4.40397641
-37.77820297,-4.40402855
-37.7780229,-4.40407754
-37.777842,-4.40412337
-37.77774338,-4.40414694
-37.7760421,-4.4042509
-37.77434868,-4.40405675
-37.77421245,-4.40402787
-37.77359755,-4.40384328
-37.7732573,-4.40368719
-37.77195181,-4.40282417
-37.7714389,-4.4025355
-37.77127009,-4.40245864
-37.77109055,-4.40241237
-37.77090574,-4.4023981
-37.77072126,-4.40241625
-37.77057553,-4.40245452
-37.77038538,-4.40259045
-37.77022164,-4.40275745
-37.77008928,-4.40295045
-37.76999232,-4.40316359
-37.7699663,-4.40324536
-37.76972871,-4.40400112
-37.76906635,-4.4067064
-37.76837702,-4.40884599
-37.76735372,-4.41153283
-37.76502901,-4.41725136
-37.76422764,-4.4194748
-37.76409787,-4.41986086
-37.76397483,-4.42024914
-37.76385857,-4.42063951
-37.7637491,-4.42103186
-37.76364648,-4.42142607
-37.76355072,-4.42182202
-37.76346187,-4.42221958
-37.76337994,-4.42261864
-37.76337619,-4.42263779
-37.76329979,-4.42303891
-37.76329394,-4.42344725
-37.76335883,-4.42385041
-37.7633921,-4.4239693
-37.76355242,-4.42421336
-37.76375254,-4.42442576
-37.76398636,-4.42460007
-37.76405315,-4.42463921
-37.76387307,-4.42704673
-37.76377949,-4.42729209
-37.76292393,-4.42953501
-37.76226347,-4.43290204
-37.7614744,-4.43371531
-37.75922416,-4.43608977
-37.75701553,-4.43850327
-37.75498873,-4.44079453
-37.75278005,-4.44359368
-37.75230206,-4.44435799
-37.75230206,-4.44435799
-37.75217192,-4.44461519
-37.75204628,-4.44487464
-37.75192517,-4.44513624
-37.75180862,-4.44539993
-37.75169668,-4.44566561
-37.75158938,-4.44593322
-37.75148674,-4.44620267
-37.75142404,-4.4463746
-37.74785875,-4.45644177
-37.74668295,-4.46009615
-37.74488358,-4.46614164
-37.74377175,-4.46969641
-37.74336949,-4.47092352
-37.74294595,-4.47214339
-37.74250126,-4.47335565
-37.74203556,-4.47455994
-37.74154898,-4.47575589
-37.74133109,-4.47627286
-37.74052058,-4.47809566
-37.73967848,-4.479904
-37.73917166,-4.48095425
-37.73828006,-4.4827385
-37.73735757,-4.48450686
-37.73711062,-4.48496782
-37.73317707,-4.49197155
-37.72912225,-4.49890527
-37.728305,-4.50026985
-37.72504342,-4.50137095
-37.72274745,-4.50461539
-37.72045568,-4.5070745
-37.70376127,-4.52135092
-37.70048572,-4.52269587
-37.6924866,-4.52925827
-37.69115108,-4.52936646
-37.6899978,-4.52982212
-37.68807786,-4.53159017
-37.67936858,-4.54172864
-37.67825401,-4.54352415
-37.67269254,-4.55039985
-37.6664196,-4.5568789
-37.6621329,-4.56209844
-37.6588915,-4.5655683
-37.64782339,-4.577564
-37.64185379,-4.58321287
-37.6363494,-4.58796344
-37.63278987,-4.59064602
-37.63047809,-4.59245784
-37.61236648,-4.60843231
-37.60320991,-4.61586438
-37.5943123,-4.62223527
-37.58722378,-4.62614486
-37.58418235,-4.626682
-37.58098058,-4.62707963
-37.57735475,-4.62920712
-37.5721096,-4.63275739
-37.56756028,-4.6353646
-37.56075077,-4.63874419
-37.55715478,-4.63964758
-37.54821162,-4.64176766
-37.54315692,-4.64152023
-37.54073273,-4.64140156
-37.53953542,-4.641464
-37.53732006,-4.63840259
-37.53492178,-4.63917414
-37.53331489,-4.63840275
-37.53167934,-4.63862434
-37.52995791,-4.63775991
-37.52645835,-4.6379015
-37.52360961,-4.6369382
-37.52058082,-4.63525787
-37.51789982,-4.6331407
-37.51613489,-4.63183717
-37.51193242,-4.63012696
-37.51035377,-4.62845495
-37.50688854,-4.62663349
-37.50326208,-4.62483419
-37.50185767,-4.62489538
-37.49998311,-4.62449241
-37.49713848,-4.62472698
-37.49636548,-4.62590698
-37.49496879,-4.6258205
-37.49423879,-4.62637732
-37.49089105,-4.63022155
-37.48773387,-4.63574939
-37.47852495,-4.64450951
-37.47421208,-4.64755
-37.46805982,-4.64875209
-37.46604325,-4.64825275
-37.46451378,-4.64920506
-37.46275032,-4.64900463
-37.46035238,-4.65062642
-37.45771018,-4.65180575
-37.45490402,-4.65250679
-37.45315249,-4.6526896
-37.44484219,-4.65768437
-37.43836456,-4.65958874
-37.43317928,-4.66026987
-37.42598672,-4.66440608
-37.41095521,-4.67145791
-37.40018543,-4.67417759
-37.39609501,-4.67580907
-37.38672107,-4.67676477
-37.37765492,-4.67933901
-37.37734035,-4.67946004
-37.35828259,-4.68721858
-37.34928402,-4.69014597
-37.34790166,-4.68991269
-37.34257244,-4.69092567
-37.33964978,-4.69266753
-37.33583139,-4.69369762
-37.3321858,-4.69772643
-37.33038259,-4.69895628
-37.32624158,-4.69947996
-37.30714123,-4.7192113
-37.2967789,-4.72651873
-37.28417419,-4.74620014
-37.28050057,-4.75378244
-37.27898583,-4.75998582
-37.27672449,-4.76526337
-37.27327921,-4.77932702
-37.26840649,-4.79145793
-37.26767402,-4.79713628
-37.26749334,-4.79708784
-37.26730702,-4.79707161
-37.26712072,-4.79708808
-37.2669401,-4.79713676
-37.26677065,-4.79721615
-37.26661752,-4.79732386
-37.26648536,-4.79745661
-37.26637819,-4.79761037
-37.26629926,-4.79778045
-37.26625784,-4.79792602
-37.25849663,-4.82060512
-37.25661305,-4.82467877
-37.25347761,-4.83064283
-37.35736411,-4.85702705
-37.49963733,-4.89195342
-37.64019235,-4.92517248
