-38.93561924,-3.45715212
-38.93720428,-3.45817179
-38.93860199,-3.45905749
-38.94098642,-3.45994098
-38.94223624,-3.46039277
-38.94463927,-3.46109147
-38.94745891,-3.46194077
-38.94969491,-3.4623673
-38.95158258,-3.46299288
-38.9538044,-3.46358054
-38.95637703,-3.46428571
-38.95894967,-3.46499089
-38.9611715,-3.46546102
-38.96374415,-3.46593116
-38.96608296,-3.46546121
-38.9691234,-3.46522629
-38.97192997,-3.46475634
-38.97376293,-3.46412357
-38.97590594,-3.46346385
-38.97719229,-3.46299384
-38.97836168,-3.46311138
-38.98128516,-3.46299393
-38.98327313,-3.46322899
-38.9850272,-3.46416909
-38.98607239,-3.4654897
-38.98734897,-3.466102
-38.98844805,-3.46697226
-38.98986984,-3.46790335
-38.99200152,-3.46877015
-38.99406589,-3.47067534
-38.99578517,-3.47254331
-38.99660458,-3.47420398
-38.9970778,-3.47578139
-38.99755766,-3.47666752
-38.99784971,-3.47737417
-38.99792937,-3.47783287
-38.99798448,-3.47822308
-38.99822903,-3.47886184
-38.99819402,-3.47932348
-38.99808803,-3.47969479
-38.99805248,-3.4801334
-38.99792627,-3.48062042
-38.99786507,-3.4809445
-38.99764604,-3.48138782
-38.99749581,-3.48182938
-38.9974357,-3.48219951
-38.99725982,-3.48252654
-38.99711231,-3.48308321
-38.99705382,-3.48352241
-38.99697186,-3.48393918
-38.99693522,-3.48433175
-38.99692206,-3.48474675
-38.9969089,-3.48516175
-38.99696345,-3.48552895
-38.99688529,-3.48610687
-38.99696387,-3.48651952
-38.99721222,-3.48731944
-38.99732622,-3.48826103
-38.9972923,-3.48876872
-38.99737413,-3.4893195
-38.99745705,-3.48991634
-38.99758639,-3.49053502
-38.99766605,-3.49099371
-38.99749343,-3.49145888
-38.99783733,-3.49241761
-38.99798363,-3.49278244
-38.99819764,-3.49309947
-38.9983472,-3.49360245
-38.99870806,-3.49430733
-38.99940964,-3.49508792
-38.99985323,-3.49569999
-39.00035226,-3.49647898
-39.00090675,-3.49720232
-39.00168303,-3.49820388
-39.00462181,-3.50020699
-39.00567534,-3.50120854
-39.00678433,-3.50209881
-39.00744972,-3.50293344
-39.00795784,-3.50423637
-39.00821539,-3.50486041
-39.00837977,-3.50532287
-39.00863647,-3.50583098
-39.00877887,-3.50643273
-39.00883047,-3.5071975
-39.0089032,-3.50770704
-39.00890524,-3.50798527
-39.00881903,-3.50877429
-39.00861885,-3.50970333
-39.00853128,-3.51030687
-39.00851456,-3.51116491
-39.00863465,-3.51185958
-39.00866665,-3.51308824
-39.00865044,-3.51401584
-39.00879386,-3.5147567
-39.00884342,-3.51524324
-39.00873252,-3.51580059
-39.00867249,-3.51664723
-39.00861705,-3.5175375
-39.00852004,-3.51819049
-39.00848033,-3.51904871
-39.0084396,-3.51976782
-39.00841435,-3.52034713
-39.00840193,-3.52090427
-39.00841436,-3.52145997
-39.00843444,-3.52220248
-39.00846981,-3.52251717
-39.00858072,-3.5229623
-39.00906505,-3.52351922
-39.00961954,-3.5238627
-39.01008221,-3.52423009
-39.01047486,-3.5244589
-39.01102952,-3.52482557
-39.01165334,-3.52521489
-39.01333827,-3.52603649
-39.01469869,-3.52651281
-39.01536765,-3.52678584
-39.01639924,-3.52685714
-39.01720915,-3.52700335
-39.01896629,-3.52721106
-39.01951094,-3.52726364
-39.02075399,-3.52741626
-39.02195088,-3.52754604
-39.02312477,-3.527676
-39.02388454,-3.52778601
-39.02450599,-3.52785072
-39.02538125,-3.52802938
-39.02602518,-3.52802436
-39.0270587,-3.52783079
-39.0281602,-3.52749758
-39.02884723,-3.52709804
-39.02957837,-3.52644309
-39.03058464,-3.52567007
-39.03195085,-3.52380445
-39.03229137,-3.52319893
-39.03292882,-3.52231285
-39.03363799,-3.5217972
-39.03430167,-3.52135146
-39.03498886,-3.5209751
-39.03574436,-3.52050546
-39.03650054,-3.52012856
-39.03716508,-3.51979875
-39.03780275,-3.5195674
-39.03863486,-3.51950901
-39.03950926,-3.51957173
-39.04056901,-3.5198185
-39.04093765,-3.51990837
-39.04155943,-3.52001944
-39.04199724,-3.52013195
-39.04271135,-3.52028867
-39.04383924,-3.52041896
-39.04450735,-3.52057604
-39.04526797,-3.52080196
-39.0461906,-3.52116573
-39.04775783,-3.52161719
-39.04939406,-3.52206812
-39.05008603,-3.52234094
-39.05135464,-3.52284112
-39.05204644,-3.52309075
-39.05276124,-3.52334021
-39.05345338,-3.52363621
-39.05543526,-3.52417717
-39.05744151,-3.52490342
-39.05974758,-3.52574325
-39.06087702,-3.5260822
-39.06161431,-3.52626191
-39.06276709,-3.52664704
-39.06387319,-3.52693979
-39.06474949,-3.52725753
-39.06562545,-3.5275289
-39.06686954,-3.52782056
-39.06788314,-3.52804447
-39.06882157,-3.52805271
-39.06954243,-3.5281083
-39.07027693,-3.52830392
-39.07096823,-3.52848398
-39.07223515,-3.52875227
-39.07357089,-3.52899684
-39.07518242,-3.52921604
-39.07619517,-3.52932402
-39.07704711,-3.52945644
-39.07819887,-3.52970244
-39.07923496,-3.5298566
-39.08017923,-3.53003467
-39.08100834,-3.53019046
-39.08186011,-3.53029969
-39.08264236,-3.53033991
-39.08360981,-3.53054098
-39.08464504,-3.53057921
-39.08526631,-3.53062069
-39.08630309,-3.53086759
-39.08674004,-3.53086415
-39.08747682,-3.53097428
-39.08908579,-3.53084568
-39.0901895,-3.5308138
-39.09111287,-3.53099982
-39.0920777,-3.53112355
-39.09267564,-3.53111884
-39.09322758,-3.53111449
-39.0941032,-3.53133946
-39.0948405,-3.53151914
-39.095549,-3.53188964
-39.09671354,-3.53272415
-39.09729338,-3.53354025
-39.09768967,-3.53425592
-39.09793369,-3.5349497
-39.09809388,-3.53603812
-39.09798285,-3.53657229
-39.09793875,-3.5368277
-39.0977117,-3.53722366
-39.09736966,-3.53762053
-39.0971644,-3.53785402
-39.09684467,-3.53815797
-39.09615836,-3.5386503
-39.09526764,-3.53949205
-39.09485867,-3.54016769
-39.09451835,-3.54079642
-39.09413461,-3.54177329
-39.09366232,-3.54321459
-39.09330519,-3.54467818
-39.09312774,-3.54556067
-39.09297673,-3.5469067
-39.09286845,-3.54781184
-39.09280616,-3.54871662
-39.09276653,-3.54957484
-39.09270373,-3.55041006
-39.09282302,-3.55098879
-39.09305919,-3.55182166
-39.09324644,-3.55226073
-39.0939424,-3.55306679
-39.0944506,-3.55336421
-39.09509781,-3.55379966
-39.09581419,-3.55425775
-39.0966478,-3.55501635
-39.09803389,-3.55584014
-39.09962747,-3.55673187
-39.1007393,-3.55778969
-39.10113457,-3.55836624
-39.1019234,-3.55928749
-39.10294325,-3.56034604
-39.10395982,-3.56096406
-39.10488526,-3.56169874
-39.1054647,-3.56229702
-39.10618333,-3.56305652
-39.10683955,-3.56373066
-39.10750578,-3.56459959
-39.10790141,-3.56522251
-39.10825293,-3.56610084
-39.10874573,-3.5674186
-39.10896414,-3.56838944
-39.10913187,-3.56968271
-39.10940881,-3.57078443
-39.10990696,-3.5720236
-39.11030449,-3.57290156
-39.11065585,-3.5737567
-39.11121868,-3.57521302
-39.11162803,-3.57613687
-39.11208411,-3.57715387
-39.11373082,-3.57899581
-39.11422018,-3.57984985
-39.11477922,-3.58079609
-39.11539953,-3.58164496
-39.11628691,-3.5826464
-39.11686706,-3.58319102
-39.11762982,-3.5836951
-39.11800056,-3.58406316
-39.11910865,-3.58461088
-39.120284,-3.5849262
-39.12164404,-3.5853328
-39.12277306,-3.58560211
-39.12413293,-3.58598552
-39.12547049,-3.58646186
-39.12806072,-3.58601752
-39.12993205,-3.58648729
-39.13192046,-3.5877796
-39.13297322,-3.58895454
-39.13379208,-3.59012951
-39.1346109,-3.59106946
-39.13489817,-3.59193801
-39.13598534,-3.59312593
-39.13661376,-3.59411798
-39.13744956,-3.59527614
-39.13833508,-3.59670125
-39.13896489,-3.59787878
-39.13975794,-3.59935645
-39.14150315,-3.60205546
-39.14220474,-3.6036034
-39.14274377,-3.60494396
-39.14353736,-3.60649118
-39.1439365,-3.60757779
-39.14440844,-3.60917393
-39.14477454,-3.61050915
-39.14495737,-3.61183605
-39.14484878,-3.61269482
-39.14465479,-3.61443537
-39.14338644,-3.61609751
-39.14221706,-3.6173903
-39.14081374,-3.6185656
-39.13964432,-3.61962337
-39.13870878,-3.62044607
-39.13765632,-3.62162132
-39.1371887,-3.6230315
-39.13637025,-3.62479426
-39.13590255,-3.6257344
-39.13547375,-3.62626388
-39.13501773,-3.62680079
-39.13419683,-3.62775796
-39.13337351,-3.62839053
-39.13273135,-3.62919084
-39.13225777,-3.62990651
-39.13151156,-3.63097156
-39.13037195,-3.63302847
-39.12978226,-3.63414611
-39.12933125,-3.63535539
-39.12901669,-3.63635492
-39.12885058,-3.63748204
-39.12885033,-3.63872128
-39.12854009,-3.64030044
-39.12827066,-3.64118367
-39.12811295,-3.64162547
-39.12796233,-3.64275567
-39.12778506,-3.64392356
-39.12784663,-3.64600988
-39.12785204,-3.64715139
-39.12793241,-3.64825831
-39.12833258,-3.64948404
-39.12885081,-3.65087925
-39.12946103,-3.65221456
-39.12978872,-3.653507
-39.13000178,-3.65431685
-39.13010122,-3.65531309
-39.13018147,-3.6568196
-39.13032847,-3.65802414
-39.13033729,-3.6592066
-39.13035046,-3.66043634
-39.13010401,-3.66185174
-39.12958884,-3.66371076
-39.12921028,-3.6653832
-39.12876203,-3.66696345
-39.1284497,-3.66826438
-39.12813236,-3.66954033
-39.1277768,-3.6705652
-39.12746717,-3.67182174
-39.12713458,-3.67293462
-39.12685832,-3.67386499
-39.12634106,-3.67544579
-39.12586409,-3.6762611
-39.12541531,-3.67777179
-39.12512303,-3.67867839
-39.12481693,-3.68081399
-39.12461822,-3.68192853
-39.1245608,-3.6834825
-39.12452413,-3.68473487
-39.12462686,-3.68617164
-39.12475362,-3.68774733
-39.12491829,-3.68889546
-39.12511542,-3.68999358
-39.12541776,-3.69123234
-39.12549935,-3.69212372
-39.12571675,-3.6935132
-39.12580644,-3.69451515
-39.12555124,-3.69599549
-39.12503362,-3.69752992
-39.12451616,-3.69908753
-39.1241865,-3.70023447
-39.1236817,-3.70132006
-39.12302211,-3.70223774
-39.12226907,-3.70313981
-39.12135453,-3.70388902
-39.12004896,-3.70464133
-39.1180336,-3.70583979
-39.11653375,-3.70652303
-39.11486919,-3.70718646
-39.11411323,-3.7076098
-39.11242987,-3.70835974
-39.11083586,-3.70923559
-39.10989692,-3.70979949
-39.10876974,-3.71091972
-39.10830024,-3.71162067
-39.10754987,-3.71325683
-39.10728619,-3.71445746
-39.10699803,-3.7159205
-39.10686985,-3.71686359
-39.10671228,-3.71770814
-39.10637259,-3.71842961
-39.10562076,-3.71940939
-39.10496198,-3.72052755
-39.10427984,-3.72159953
-39.10387287,-3.7225534
-39.1037632,-3.72327305
-39.10365301,-3.72392315
-39.10361304,-3.724735
-39.10371109,-3.72554576
-39.10387604,-3.72648997
-39.10429891,-3.72725694
-39.10485718,-3.72808726
-39.10541596,-3.72898713
-39.10620857,-3.73039526
-39.10703808,-3.73210941
-39.10759142,-3.73383916
-39.10804087,-3.73533407
-39.10869256,-3.73652012
-39.10948329,-3.73767321
-39.10971642,-3.73808873
-39.11034422,-3.73898805
-39.11062492,-3.73961187
-39.11172021,-3.74150453
-39.11267575,-3.74316642
-39.11365293,-3.74464264
-39.11416555,-3.74551969
-39.11456593,-3.7467686
-39.11501162,-3.74792441
-39.11527312,-3.7490585
-39.11558574,-3.74991124
-39.11588744,-3.75123319
-39.11596439,-3.75229917
-39.11620548,-3.75378121
-39.1162392,-3.75521852
-39.11629799,-3.75693387
-39.11632998,-3.75813933
-39.11629641,-3.75980904
-39.11616634,-3.76087665
-39.11594615,-3.76220004
-39.1156381,-3.7640806
-39.11548744,-3.76547299
-39.11519945,-3.76695922
-39.11484712,-3.769072
-39.11480508,-3.76960562
-39.11417248,-3.77156003
-39.11382574,-3.77295405
-39.11341586,-3.77387286
-39.11335292,-3.77491835
-39.11388917,-3.77561527
-39.11504208,-3.77626282
-39.11612853,-3.77656541
-39.11663323,-3.77723064
-39.11729581,-3.77925815
-39.11764281,-3.77979669
-39.11822184,-3.78047634
-39.11886987,-3.78115877
-39.11936914,-3.78171512
-39.11970757,-3.78227315
-39.1201519,-3.78324347
-39.12071558,-3.78479252
-39.12104398,-3.78577049
-39.12121051,-3.78671637
-39.12142818,-3.78780115
-39.12171098,-3.78870319
-39.12202335,-3.79048609
-39.12232776,-3.79120247
-39.12265349,-3.79278111
-39.1237076,-3.79456149
-39.12472885,-3.79542662
-39.12612226,-3.79717777
-39.12688885,-3.79816873
-39.1288873,-3.80084255
-39.12944443,-3.80151054
-39.13028142,-3.80268643
-39.13121372,-3.80430211
-39.13191113,-3.80527042
-39.13265542,-3.80635429
-39.13370766,-3.80728556
-39.13534565,-3.80869541
-39.13604766,-3.80940035
-39.13651585,-3.81104539
-39.13628694,-3.81205259
-39.13714748,-3.81329784
-39.13768631,-3.81492298
-39.13862228,-3.81551037
-39.14001984,-3.81591833
-39.14213208,-3.81715491
-39.1427172,-3.8183299
-39.14294638,-3.81962814
-39.14325383,-3.82016635
-39.14330943,-3.82088969
-39.14319857,-3.82139048
-39.14289246,-3.82164581
-39.14236613,-3.82202097
-39.14177008,-3.82230395
-39.14119721,-3.82260992
-39.14048632,-3.82291699
-39.13991241,-3.82308386
-39.13901695,-3.82332283
-39.13814588,-3.82374711
-39.13748255,-3.82426248
-39.13670506,-3.82489469
-39.13592653,-3.82538778
-39.13505737,-3.82606709
-39.13410264,-3.82695611
-39.13348181,-3.82765628
-39.13307396,-3.82849424
-39.1325746,-3.82940248
-39.13189658,-3.83103092
-39.13149739,-3.83302814
-39.13120733,-3.83423614
-39.13095929,-3.83491052
-39.13025618,-3.83626092
-39.12926259,-3.83787522
-39.12860017,-3.83940425
-39.12815063,-3.8408222
-39.12740807,-3.843054
-39.12674922,-3.84417218
-39.12583852,-3.84545467
-39.12460799,-3.84704111
-39.12374053,-3.84795226
-39.12269109,-3.84914309
-39.12193779,-3.8499374
-39.12143461,-3.85033556
-39.12040592,-3.8512248
-39.11819674,-3.85246318
-39.11715191,-3.85296636
-39.11651728,-3.85299884
-39.11511347,-3.85346906
-39.11382663,-3.85382176
-39.11230583,-3.854292
-39.11031711,-3.85511482
-39.10867931,-3.85558506
-39.10750949,-3.85629026
-39.10633962,-3.85652543
-39.10516973,-3.85664308
-39.10388283,-3.85652573
-39.10282995,-3.85676087
-39.10095817,-3.85734864
-39.09908638,-3.8578189
-39.09744862,-3.85875915
-39.09592783,-3.85946438
-39.09464103,-3.86040459
-39.0937052,-3.86122725
-39.09218441,-3.86204998
-39.09066362,-3.86299021
-39.08937682,-3.86393041
-39.08844094,-3.86440054
-39.0868031,-3.86475324
-39.0851653,-3.86557597
-39.08422946,-3.86651613
-39.08341061,-3.86745627
-39.08259178,-3.86863144
-39.08200692,-3.86968907
-39.08165612,-3.87145173
-39.08150173,-3.87304913
-39.08109208,-3.87365521
-39.08066828,-3.87497243
-39.08042149,-3.87630377
-39.08033823,-3.87748694
-39.080347,-3.87866939
-39.08038204,-3.88029218
-39.08030411,-3.8821941
-39.08013467,-3.8841663
-39.0800715,-3.88495515
-39.07971319,-3.8862796
-39.07953722,-3.88737076
-39.07944776,-3.8883215
-39.07932159,-3.88932014
-39.07880515,-3.89104001
-39.07819497,-3.89252876
-39.07749155,-3.89385593
-39.07735866,-3.89455258
-39.0768187,-3.89620308
-39.07616301,-3.89776174
-39.07575833,-3.89904019
-39.0751708,-3.90048239
-39.07419025,-3.90167261
-39.07362675,-3.90325374
-39.07273806,-3.90442006
-39.07214537,-3.90516669
-39.07123263,-3.90619408
-39.07050207,-3.90696498
-39.06979777,-3.90817622
-39.06911373,-3.90901631
-39.06868036,-3.90952982
-39.06703173,-3.91060936
-39.06680251,-3.91072709
-39.06533381,-3.91124873
-39.0643232,-3.91148854
-39.06390993,-3.91160771
-39.06264623,-3.9118495
-39.06223313,-3.91199186
-39.06110937,-3.9124876
-39.06035389,-3.91300364
-39.05976015,-3.91361115
-39.05960013,-3.91375152
-39.05838879,-3.9148508
-39.05717881,-3.91613555
-39.05589964,-3.91739766
-39.05500834,-3.91821619
-39.05439124,-3.9187775
-39.05404767,-3.91898888
-39.05384146,-3.91910643
-39.05308597,-3.91962245
-39.05226112,-3.92009265
-39.05120653,-3.92061102
-39.05060936,-3.92075482
-39.04916142,-3.92097484
-39.04840182,-3.92093442
-39.04766455,-3.92080108
-39.04694875,-3.92045888
-39.04614057,-3.92007104
-39.04533154,-3.91956726
-39.04459205,-3.91913251
-39.04373684,-3.91860591
-39.04266395,-3.91843966
-39.04163956,-3.9181354
-39.04030119,-3.91761258
-39.03868861,-3.91734695
-39.03723776,-3.9171728
-39.03569506,-3.91702256
-39.03400984,-3.91732722
-39.03231875,-3.91783729
-39.03000198,-3.91880604
-39.02926795,-3.9191132
-39.02835054,-3.91951454
-39.0268392,-3.92050018
-39.02631275,-3.92087527
-39.02482628,-3.92211577
-39.0238436,-3.92302771
-39.02286227,-3.92412514
-39.02231417,-3.9246859
-39.02133199,-3.9256674
-39.02050967,-3.92648534
-39.02005377,-3.92706857
-39.01829562,-3.92891402
-39.01765718,-3.92970734
-39.01727048,-3.93031321
-39.01590225,-3.93199331
-39.01555985,-3.93236697
-39.01421743,-3.93349594
-39.01311212,-3.93431053
-39.01173674,-3.93501684
-39.01036101,-3.93567678
-39.01001674,-3.93579539
-39.00939688,-3.93598571
-39.00857029,-3.93622401
-39.00767132,-3.93633374
-39.00636168,-3.93626439
-39.00541631,-3.93599351
-39.00394125,-3.93565718
-39.00230462,-3.93525255
-39.00154382,-3.93504979
-39.0008547,-3.93515051
-39.00018767,-3.93551543
-38.99961159,-3.93600199
-38.99934992,-3.93766918
-38.99913754,-3.93850372
-38.99896159,-3.93911586
-38.99884886,-3.93993801
-38.99846382,-3.94077224
-38.9982628,-3.94160528
-38.99768705,-3.94270078
-38.99700979,-3.94329997
-38.99652971,-3.94371895
-38.9958891,-3.94420829
-38.99515815,-3.94492924
-38.99444686,-3.94518799
-38.993282,-3.94575247
-38.99261253,-3.94603162
-38.99132763,-3.94650203
-38.99043113,-3.94660025
-38.98946779,-3.94699926
-38.98892234,-3.94711886
-38.98828656,-3.94720995
-38.98771963,-3.94703369
-38.98709851,-3.94703771
-38.98642988,-3.94683411
-38.98562539,-3.94693174
-38.98472789,-3.94689135
-38.98392174,-3.94675794
-38.98276868,-3.94637265
-38.98214623,-3.94619185
-38.98170781,-3.94600986
-38.98126973,-3.94587407
-38.98071512,-3.94553111
-38.98004399,-3.94498097
-38.97967392,-3.94470612
-38.97881742,-3.94397234
-38.97807895,-3.94365367
-38.97761686,-3.94337942
-38.97710927,-3.94317477
-38.97567667,-3.94230609
-38.97454696,-3.94196684
-38.97401737,-3.94190096
-38.97353311,-3.94174236
-38.97300368,-3.94169958
-38.97183046,-3.94115265
-38.97109454,-3.94082926
-38.9704046,-3.94073684
-38.96943868,-3.94055203
-38.96870275,-3.94045961
-38.96824278,-3.94059818
-38.96741481,-3.94166064
-38.96741476,-3.94276932
-38.9675067,-3.94415519
-38.9670007,-3.94521766
-38.96675841,-3.94599623
-38.96681665,-3.94678829
-38.96699042,-3.94712251
-38.96736858,-3.94748124
-38.96874844,-3.94845139
-38.96946949,-3.94927727
-38.96986856,-3.95038367
-38.97033381,-3.95109687
-38.970475,-3.95153493
-38.97070771,-3.95190308
-38.97126398,-3.95247708
-38.97154304,-3.95289114
-38.9718456,-3.95337436
-38.97247288,-3.95422514
-38.97263791,-3.95477856
-38.97282495,-3.95519321
-38.97336172,-3.95625251
-38.97382732,-3.95701192
-38.97438759,-3.95814037
-38.97462398,-3.95901678
-38.97488103,-3.9595696
-38.9750459,-3.96009992
-38.97509041,-3.96128599
-38.9750829,-3.96204038
-38.97463614,-3.96389155
-38.97422656,-3.964518
-38.97345558,-3.96519809
-38.97294745,-3.96579696
-38.97259268,-3.96629121
-38.97217645,-3.96734988
-38.97190589,-3.96811404
-38.97161132,-3.96873974
-38.97143345,-3.96959572
-38.97130025,-3.97026659
-38.97057325,-3.97154198
-38.97032253,-3.97186705
-38.96984226,-3.97226291
-38.96878741,-3.97306101
-38.96794,-3.97326864
-38.96704197,-3.97315892
-38.9664205,-3.97311672
-38.96593689,-3.97305053
-38.96531575,-3.97305454
-38.96455509,-3.97285152
-38.96400147,-3.97264716
-38.96349419,-3.97248871
-38.96294057,-3.97228434
-38.96259433,-3.97212485
-38.96224876,-3.97205777
-38.96188001,-3.97196773
-38.96155744,-3.9719005
-38.96132723,-3.97187888
-38.961051,-3.97185756
-38.9608903,-3.9719048
-38.96066986,-3.97203262
-38.96050337,-3.97248489
-38.9604155,-3.97306304
-38.96034998,-3.97354864
-38.96015021,-3.97396444
-38.96017259,-3.97447392
-38.96017459,-3.97475115
-38.96020078,-3.97521925
-38.9604348,-3.97574293
-38.96048646,-3.97652812
-38.96048829,-3.97678224
-38.96042144,-3.97708302
-38.96033374,-3.97768428
-38.96026855,-3.97821608
-38.96012457,-3.9787652
-38.95999165,-3.97945142
-38.95978246,-3.97985254
-38.95968688,-3.98050708
-38.95962152,-3.98101578
-38.95953415,-3.98166324
-38.95933858,-3.98251845
-38.95943126,-3.98335046
-38.95934589,-3.98427516
-38.95912083,-3.98496971
-38.95901112,-3.98570973
-38.95912591,-3.98632051
-38.95913562,-3.98702583
-38.95927831,-3.98767181
-38.95939829,-3.98850683
-38.95962926,-3.98919463
-38.95973421,-3.99027957
-38.95974136,-3.99127298
-38.95988987,-3.99272755
-38.95996271,-3.99325846
-38.96015324,-3.99415827
-38.96018173,-3.9949205
-38.96030557,-3.99614419
-38.96045159,-3.99725222
-38.96043274,-3.99782993
-38.96026069,-3.9987096
-38.96010179,-3.99979586
-38.95994491,-4.00037446
-38.95992606,-4.00095217
-38.95946867,-4.00208447
-38.95923624,-4.00324036
-38.95918858,-4.00425788
-38.95918785,-4.00474357
-38.95897873,-4.00573762
-38.95872383,-4.00650029
-38.95869975,-4.00717095
-38.95856044,-4.00777197
-38.95846792,-4.00793367
-38.95807474,-4.00860353
-38.95782,-4.00925056
-38.95740337,-4.01017478
-38.95696401,-4.01086767
-38.95677859,-4.01144546
-38.95673214,-4.01165351
-38.95622319,-4.01260066
-38.95580624,-4.01373303
-38.95538911,-4.01498103
-38.95522623,-4.01590579
-38.95538605,-4.01701628
-38.95540776,-4.01791831
-38.95531458,-4.01851944
-38.9552675,-4.01914379
-38.95528858,-4.02046212
-38.95500757,-4.02150479
-38.95498863,-4.02229489
-38.95526039,-4.02386186
-38.95574301,-4.02508868
-38.9563876,-4.02599206
-38.95705398,-4.02775122
-38.95721501,-4.02805223
-38.95762901,-4.02888573
-38.95822705,-4.03006654
-38.95877923,-4.03106223
-38.95930831,-4.032081
-38.95986987,-4.03270669
-38.96086486,-4.03323013
-38.96133864,-4.03384871
-38.96228624,-4.03461005
-38.96489218,-4.03584728
-38.96531859,-4.03641827
-38.96536593,-4.03727473
-38.96536586,-4.03894007
-38.96527105,-4.03993927
-38.96546053,-4.04117639
-38.96536573,-4.04208043
-38.9655552,-4.04350787
-38.96579208,-4.04412644
-38.96655017,-4.04479261
-38.96690118,-4.04560401
-38.96673844,-4.04643626
-38.96639125,-4.04719874
-38.96612664,-4.0476801
-38.96531807,-4.0484563
-38.96446516,-4.04907482
-38.96361225,-4.04974092
-38.9628541,-4.0504546
-38.96204855,-4.05145377
-38.96200112,-4.05245297
-38.96220603,-4.05354991
-38.96162196,-4.05449894
-38.96105335,-4.05492715
-38.96048473,-4.05540293
-38.95980327,-4.05583439
-38.95835246,-4.05625928
-38.95806814,-4.05673508
-38.95768898,-4.05849556
-38.95792584,-4.0596851
-38.95831919,-4.06087307
-38.95868388,-4.0613029
-38.95901553,-4.06192147
-38.95854166,-4.06277791
-38.95797303,-4.06334885
-38.95749917,-4.06377706
-38.95702533,-4.06406252
-38.95636194,-4.06434797
-38.95584069,-4.06501408
-38.95498771,-4.06639388
-38.95498765,-4.06753583
-38.95479802,-4.06929632
-38.95446619,-4.07186568
-38.95418181,-4.07324552
-38.95380265,-4.07467293
-38.95285485,-4.07681402
-38.95214405,-4.0775277
-38.95072247,-4.07833649
-38.94958517,-4.07971627
-38.94915853,-4.08252353
-38.94877941,-4.08328481
-38.94773688,-4.08442668
-38.94664701,-4.08480726
-38.94522545,-4.08518781
-38.94456204,-4.08547326
-38.94356696,-4.08561593
-38.94266664,-4.08575861
-38.94209797,-4.08656745
-38.94190838,-4.08728115
-38.94185108,-4.0883364
-38.94159659,-4.08879841
-38.94104122,-4.0898842
-38.94092512,-4.09036964
-38.94081824,-4.0912303
-38.93991786,-4.09208669
-38.93906489,-4.0926576
-38.93849621,-4.09341885
-38.93835398,-4.09441805
-38.93868561,-4.09532211
-38.93890915,-4.09610095
-38.93876987,-4.09665571
-38.93860738,-4.09730294
-38.938283,-4.09820421
-38.93822335,-4.09855959
-38.93818987,-4.09875908
-38.93788866,-4.09959102
-38.9375405,-4.10095481
-38.93726287,-4.10146301
-38.93698473,-4.10229501
-38.93677595,-4.10303464
-38.93634056,-4.1042835
-38.93624141,-4.10557754
-38.93570931,-4.10652461
-38.93545431,-4.1073104
-38.93499181,-4.10800323
-38.93487539,-4.10869681
-38.93406666,-4.10948138
-38.93369645,-4.11017441
-38.93370889,-4.11083314
-38.93370885,-4.11130895
-38.93385094,-4.11207026
-38.93404043,-4.11283157
-38.93408777,-4.11330739
-38.93441945,-4.11364048
-38.93513021,-4.11406877
-38.93565141,-4.11463978
-38.93598308,-4.11511562
-38.93636209,-4.11611485
-38.9360303,-4.11720919
-38.93582464,-4.11797271
-38.93592143,-4.11866719
-38.93587596,-4.11936527
-38.93593525,-4.12063502
-38.93574561,-4.12177695
-38.93546121,-4.12277613
-38.93493987,-4.12387045
-38.93441277,-4.12451523
-38.93412443,-4.12527976
-38.93392548,-4.12631813
-38.93360105,-4.12724254
-38.9334608,-4.12842175
-38.93356522,-4.12905667
-38.93347038,-4.12981796
-38.93323339,-4.13048407
-38.93248746,-4.13121808
-38.93237125,-4.1317729
-38.93209593,-4.1324348
-38.93185895,-4.13291059
-38.93114807,-4.1337194
-38.93067416,-4.13419517
-38.93010547,-4.13457577
-38.92953668,-4.13624106
-38.9295366,-4.13709751
-38.92934695,-4.13823944
-38.92939428,-4.138858
-38.92956725,-4.13969959
-38.92952021,-4.14027768
-38.92974952,-4.1412033
-38.92988746,-4.14152739
-38.93024701,-4.14171294
-38.93057873,-4.14171296
-38.9313369,-4.14209368
-38.93214245,-4.14256956
-38.93275848,-4.14280752
-38.93341484,-4.14333909
-38.93406042,-4.14364117
-38.93440591,-4.14403509
-38.93433534,-4.1449138
-38.93433431,-4.1455845
-38.9342272,-4.14651896
-38.93427452,-4.14732784
-38.93432185,-4.14799398
-38.93460612,-4.1487553
-38.93460608,-4.14923111
-38.93483514,-4.15000301
-38.93582661,-4.1504446
-38.936691,-4.15137242
-38.93778089,-4.15194348
-38.93887081,-4.15208631
-38.93993285,-4.15096238
-38.94071908,-4.15051628
-38.94185644,-4.15004055
-38.94289899,-4.14994547
-38.94360979,-4.15023101
-38.94489435,-4.15046438
-38.94581728,-4.15046638
-38.94627906,-4.15025924
-38.94697206,-4.1497288
-38.94750323,-4.14940617
-38.94808037,-4.14919927
-38.94888839,-4.14890036
-38.94948867,-4.14864726
-38.95038648,-4.14799515
-38.95128688,-4.1475194
-38.95185557,-4.1470912
-38.952519,-4.14709124
-38.95270854,-4.14737674
-38.95304021,-4.14823322
-38.95356138,-4.14989859
-38.95327695,-4.15165907
-38.95322952,-4.15227762
-38.95346642,-4.15303893
-38.95346638,-4.15365748
-38.95351374,-4.15422846
-38.95346632,-4.15479943
-38.95346629,-4.15532282
-38.95322931,-4.15584619
-38.95299233,-4.1565599
-38.95203674,-4.15727946
-38.95189634,-4.15857431
-38.95182642,-4.15903671
-38.95198727,-4.15947649
-38.95219445,-4.15980073
-38.9524249,-4.15998625
-38.95274761,-4.1601951
-38.95332384,-4.16012849
-38.95398729,-4.16003337
-38.95455595,-4.16012856
-38.95512461,-4.1603665
-38.95531407,-4.16193669
-38.95512448,-4.16265039
-38.95449634,-4.16341365
-38.95442656,-4.16378354
-38.9534787,-4.16500727
-38.9533397,-4.16537701
-38.95320031,-4.16600116
-38.95276031,-4.16706408
-38.95248276,-4.16750291
-38.95211271,-4.16808031
-38.95146535,-4.16893463
-38.95121049,-4.16962791
-38.95086337,-4.17029787
-38.95042332,-4.17138392
-38.95005253,-4.172447
-38.94988145,-4.17316007
-38.94962663,-4.17368885
-38.94943701,-4.17459288
-38.94915262,-4.17540173
-38.94915257,-4.17630577
-38.94902979,-4.17739413
-38.94801508,-4.17816136
-38.94725678,-4.17911293
-38.94687762,-4.17963629
-38.94569283,-4.18025476
-38.94479235,-4.18111116
-38.94488708,-4.18187246
-38.94455531,-4.18239583
-38.94422352,-4.18320468
-38.94408128,-4.18425145
-38.94370209,-4.1850603
-38.94355987,-4.18586917
-38.94341761,-4.18696352
-38.94374929,-4.18782
-38.94418991,-4.18883187
-38.94409603,-4.18987241
-38.94439448,-4.19086756
-38.94498116,-4.19191205
-38.94645021,-4.19291135
-38.94668712,-4.19352992
-38.94669598,-4.19478116
-38.94704118,-4.19538323
-38.94759398,-4.19603201
-38.94853895,-4.19675102
-38.9493462,-4.19698405
-38.95012993,-4.19751769
-38.95149042,-4.19812196
-38.95248185,-4.19863292
-38.95324254,-4.19914338
-38.95391132,-4.19939923
-38.95478752,-4.19981743
-38.95614837,-4.20019042
-38.95725518,-4.20070162
-38.95829235,-4.2014902
-38.95916888,-4.20170024
-38.95974526,-4.20202528
-38.96066704,-4.20204775
-38.961994,-4.20223814
-38.96313135,-4.20314223
-38.9673018,-4.20338032
-38.96867615,-4.20366586
-38.96952918,-4.20404654
-38.97033479,-4.20537884
-38.97085607,-4.2062829
-38.97199342,-4.20766279
-38.97313081,-4.20818622
-38.97407863,-4.20851932
-38.97706428,-4.20989926
-38.97801211,-4.21023236
-38.97895995,-4.21042271
-38.97995517,-4.21080338
-38.98142432,-4.21113648
-38.98237216,-4.21137441
-38.98317781,-4.21185024
-38.98469433,-4.2132777
-38.98535781,-4.21413417
-38.9857308,-4.21540248
-38.98623774,-4.21588924
-38.98651399,-4.21632926
-38.98763259,-4.21698907
-38.98886477,-4.218702
-38.98962303,-4.22041492
-38.98943345,-4.22112863
-38.98858037,-4.22155685
-38.98811958,-4.22292408
-38.98807146,-4.22426539
-38.98811595,-4.22539875
-38.98813709,-4.22671707
-38.9884855,-4.22764721
-38.98848549,-4.22826576
-38.98872245,-4.22878916
-38.98848547,-4.22978835
-38.98791673,-4.2306448
-38.98753758,-4.23135851
-38.98720581,-4.23226254
-38.98644267,-4.23346679
-38.98574894,-4.23445981
-38.98493993,-4.2353832
-38.98452389,-4.23584487
-38.98378442,-4.23656026
-38.98258353,-4.23720529
-38.98156586,-4.23787698
-38.98052319,-4.2382576
-38.97957531,-4.23854306
-38.97843786,-4.23873335
-38.97777433,-4.23925673
-38.97730038,-4.23968494
-38.97692122,-4.24006558
-38.97644727,-4.24035105
-38.97606811,-4.24063652
-38.9752624,-4.24101714
-38.97455147,-4.24168325
-38.97355618,-4.24234935
-38.97294003,-4.24296788
-38.97033337,-4.24277746
-38.9691959,-4.24315807
-38.96891151,-4.24382419
-38.97000153,-4.24496617
-38.97175498,-4.24839207
-38.97237107,-4.24962919
-38.97346109,-4.25100908
-38.9750251,-4.25124703
-38.9765891,-4.25200838
-38.97696821,-4.25353098
-38.9765416,-4.25562453
-38.97559361,-4.25833661
-38.97511961,-4.2600495
-38.97530913,-4.26200033
-38.97549869,-4.2625713
-38.97511946,-4.26466485
-38.97492981,-4.26694873
-38.97502454,-4.26861406
-38.97530888,-4.26989876
-38.97545103,-4.27099312
-38.97526141,-4.27203989
-38.97507176,-4.27418103
-38.97312851,-4.27465677
-38.97265454,-4.27498982
-38.97222797,-4.27513255
-38.97199098,-4.27527528
-38.97132744,-4.27537042
-38.97056909,-4.27565588
-38.97009512,-4.27598892
-38.96990551,-4.27665505
-38.97107735,-4.2779087
-38.97118515,-4.27803494
-38.97156431,-4.27836802
-38.97184867,-4.27879626
-38.97227521,-4.27931967
-38.97274914,-4.28031888
-38.97265432,-4.28122292
-38.97245602,-4.28191275
-38.97247847,-4.2823291
-38.97241727,-4.2829834
-38.97203807,-4.283935
-38.97123227,-4.28531482
-38.97132704,-4.28602853
-38.97194096,-4.28686099
-38.97233217,-4.28760191
-38.97259469,-4.28819356
-38.97313839,-4.28859813
-38.97362284,-4.28871481
-38.97464473,-4.2884077
-38.97611403,-4.288265
-38.97673019,-4.2883126
-38.97805729,-4.28859812
-38.97938439,-4.28907397
-38.98075887,-4.29012079
-38.98085365,-4.29088208
-38.98104322,-4.2915958
-38.9810025,-4.29215346
-38.98109351,-4.29303251
-38.9811158,-4.2935645
-38.98099922,-4.29437372
-38.98092927,-4.29485925
-38.98088192,-4.29566862
-38.98069638,-4.29629267
-38.98062616,-4.29696323
-38.98069477,-4.29737967
-38.98076295,-4.29809678
-38.98087745,-4.29869834
-38.98106169,-4.29895314
-38.98166082,-4.29955574
-38.98200644,-4.29992652
-38.98260713,-4.29992249
-38.9830811,-4.2999225
-38.98407645,-4.30011284
-38.98479807,-4.30044126
-38.98537471,-4.30065064
-38.98645894,-4.30093047
-38.98740485,-4.3011175
-38.98853566,-4.3011199
-38.98966608,-4.3013767
-38.99135085,-4.30131088
-38.99255119,-4.30110527
-38.99384394,-4.30083047
-38.99520589,-4.30057894
-38.99656699,-4.3009056
-38.9987675,-4.30118523
-38.99990539,-4.30113961
-39.0008836,-4.30112426
-39.00145813,-4.30122141
-39.00187248,-4.30120153
-39.00253853,-4.30136885
-39.00299837,-4.30141879
-39.00357308,-4.30149278
-39.00410142,-4.30161272
-39.00492941,-4.30166556
-39.00550482,-4.30164695
-39.0062413,-4.30162961
-39.00709265,-4.30163633
-39.00819746,-4.30159874
-39.00962634,-4.30130903
-39.01040954,-4.30119944
-39.01112564,-4.30083465
-39.01197857,-4.30063301
-39.01301593,-4.30038651
-39.01412648,-4.30025562
-39.01474265,-4.30020803
-39.0156906,-4.30030317
-39.01649637,-4.30054106
-39.01720734,-4.30092169
-39.01867667,-4.30111198
-39.02118874,-4.30115949
-39.02265806,-4.30101671
-39.02327424,-4.30120701
-39.02422218,-4.30101666
-39.02493315,-4.30101664
-39.02575706,-4.30129717
-39.02697126,-4.30153996
-39.02787183,-4.30187299
-39.02825102,-4.3023012
-39.02825104,-4.30287217
-39.0279193,-4.30391896
-39.02730315,-4.30458512
-39.02701878,-4.30506094
-39.02621304,-4.3057271
-39.02540734,-4.30758278
-39.02469638,-4.30805861
-39.02212822,-4.3085349
-39.02142593,-4.30839178
-39.02043057,-4.3083918
-39.01938782,-4.30839183
-39.01801328,-4.30891525
-39.01640178,-4.31024755
-39.01583301,-4.31067579
-39.01512205,-4.31124678
-39.01474287,-4.31186534
-39.01455329,-4.31253147
-39.01443541,-4.31347876
-39.01433846,-4.31412626
-39.01438219,-4.31442758
-39.01460074,-4.31495809
-39.01469554,-4.31529116
-39.01476266,-4.31584287
-39.01460076,-4.31629036
-39.01460077,-4.31676616
-39.01474298,-4.31728955
-39.01521698,-4.31790809
-39.01588057,-4.31843147
-39.01651039,-4.31902851
-39.01689384,-4.32005023
-39.01732718,-4.320563
-39.01789699,-4.32128521
-39.01830556,-4.3220293
-39.01846172,-4.32267879
-39.01870957,-4.32337531
-39.01888734,-4.3242102
-39.01883817,-4.32462655
-39.01874367,-4.32494994
-39.01867113,-4.32541241
-39.01864742,-4.32550484
-39.01843665,-4.32598938
-39.01808623,-4.32668118
-39.01766749,-4.32727985
-39.01729546,-4.32778627
-39.01664679,-4.32835997
-39.01624912,-4.32921347
-39.01601656,-4.32953577
-39.01571585,-4.32974177
-39.01552896,-4.33011073
-39.01517994,-4.33061733
-39.01466494,-4.33177089
-39.01393748,-4.33242027
-39.0134635,-4.33313399
-39.01360571,-4.33370496
-39.01374963,-4.33412521
-39.013835,-4.33500567
-39.01387453,-4.33586262
-39.01405353,-4.33653545
-39.01453166,-4.33721063
-39.01475808,-4.33769861
-39.01544419,-4.33825968
-39.01599451,-4.33851869
-39.01693602,-4.33878078
-39.01751058,-4.33887791
-39.01803878,-4.33902099
-39.01872752,-4.33923478
-39.01980797,-4.3393822
-39.02086418,-4.3396915
-39.02196851,-4.33972334
-39.02300259,-4.3399167
-39.02394445,-4.34013248
-39.02584944,-4.34079573
-39.02619597,-4.34122099
-39.02639329,-4.34191132
-39.02659583,-4.34251487
-39.02672987,-4.34304843
-39.02628426,-4.34415623
-39.02474505,-4.34685294
-39.02409374,-4.34777391
-39.02341789,-4.34864509
-39.0225647,-4.34954915
-39.02218552,-4.35031045
-39.02175893,-4.35102418
-39.02137975,-4.3517379
-39.02109537,-4.35268952
-39.02109538,-4.35311775
-39.0209532,-4.35383147
-39.02085842,-4.35454518
-39.02076363,-4.35521131
-39.02085846,-4.35602018
-39.02114288,-4.35663873
-39.02171172,-4.35754275
-39.02204355,-4.3581137
-39.02289679,-4.35882739
-39.02408185,-4.35992171
-39.0252195,-4.3603499
-39.02645194,-4.36068292
-39.02716979,-4.3609486
-39.0279708,-4.36153371
-39.02839545,-4.36211028
-39.02891688,-4.36253848
-39.02913476,-4.36281623
-39.03000716,-4.36372796
-39.03119224,-4.36486985
-39.0325156,-4.36613042
-39.03311057,-4.36657499
-39.03427347,-4.36777214
-39.03493714,-4.36877131
-39.03560082,-4.36991321
-39.03621709,-4.37072206
-39.03702293,-4.37091234
-39.0378762,-4.37157843
-39.03887166,-4.37195902
-39.03969665,-4.37209063
-39.04056865,-4.37242161
-39.04116555,-4.37261151
-39.04203703,-4.37301193
-39.04300212,-4.37320472
-39.04410406,-4.37356064
-39.04541154,-4.37412655
-39.04699725,-4.3744168
-39.04747858,-4.37467525
-39.04830491,-4.37495955
-39.04972763,-4.3755032
-39.05075984,-4.37595117
-39.05163011,-4.37651364
-39.05231366,-4.37742193
-39.05281521,-4.37805097
-39.0530877,-4.3785393
-39.05345223,-4.37902835
-39.05365463,-4.37965505
-39.05392694,-4.38016653
-39.05472887,-4.38063585
-39.05507091,-4.38105527
-39.05612493,-4.38166547
-39.05694935,-4.38220442
-39.05756702,-4.38269545
-39.05809316,-4.38311631
-39.05898418,-4.38397991
-39.05934855,-4.38449211
-39.05953042,-4.38486638
-39.05945803,-4.38523384
-39.05816535,-4.38604167
-39.05726477,-4.38699336
-39.05702781,-4.38770708
-39.05641165,-4.38875391
-39.05603251,-4.38984829
-39.05589036,-4.39060959
-39.05570082,-4.39170397
-39.05574828,-4.39237009
-39.05560611,-4.39298865
-39.05551136,-4.39365479
-39.05555881,-4.39432092
-39.05574848,-4.39508219
-39.05593814,-4.39570073
-39.05615429,-4.3961127
-39.0564226,-4.39715665
-39.05666964,-4.39796891
-39.05671218,-4.39843229
-39.05681871,-4.39956759
-39.05706697,-4.40021779
-39.05740432,-4.40126228
-39.0573607,-4.40169579
-39.05773999,-4.40240947
-39.05925685,-4.40280481
-39.06067962,-4.40334844
-39.06251907,-4.40357119
-39.06378024,-4.404183
-39.06421574,-4.40441792
-39.06466117,-4.40483552
-39.06494562,-4.40512097
-39.06494362,-4.40555807
-39.06442425,-4.40607263
-39.06409246,-4.40654847
-39.06404508,-4.40678638
-39.0636185,-4.40740496
-39.06342894,-4.40816627
-39.06328676,-4.40854693
-39.06295499,-4.40921309
-39.06252842,-4.41006957
-39.06200707,-4.41121155
-39.06115387,-4.4122584
-39.06077472,-4.41325763
-39.06078522,-4.41379092
-39.06012519,-4.41586946
-39.06000351,-4.4167483
-39.05976938,-4.41727897
-39.05959006,-4.41891982
-39.06031052,-4.4200897
-39.06171944,-4.42116063
-39.06399565,-4.42145624
-39.06482413,-4.42146272
-39.06565312,-4.42139973
-39.06623036,-4.42114957
-39.06689827,-4.42108533
-39.06781897,-4.42106936
-39.06855469,-4.42116772
-39.06949702,-4.42133714
-39.07082726,-4.42194947
-39.07126156,-4.42234645
-39.07185834,-4.42255948
-39.07215595,-4.42277017
-39.07307352,-4.42317091
-39.07373726,-4.42366229
-39.07437885,-4.42403773
-39.07622956,-4.42583488
-39.07856546,-4.42738113
-39.07856546,-4.42738113
-39.07948183,-4.42794392
-39.08048939,-4.42862318
-39.08048939,-4.42862318
-39.0814075,-4.42895447
-39.08228236,-4.42891497
-39.08278882,-4.42889577
-39.08322816,-4.42862136
-39.08385177,-4.42832524
-39.08431395,-4.42807416
-39.08491351,-4.42791676
-39.08567537,-4.42759856
-39.08634311,-4.42755745
-39.0868494,-4.42756139
-39.08728735,-4.42747219
-39.08781666,-4.42747631
-39.08839199,-4.42748079
-39.08901231,-4.42762452
-39.08954075,-4.4277444
-39.08992973,-4.4280484
-39.0905234,-4.42867813
-39.09091134,-4.42912103
-39.09127574,-4.42963322
-39.09157111,-4.43014486
-39.09159118,-4.4305386
-39.09177114,-4.43109565
-39.09208727,-4.43190844
-39.0922449,-4.43237271
-39.09258422,-4.43316252
-39.09257937,-4.43381074
-39.09248455,-4.43418044
-39.09266416,-4.4347838
-39.09291402,-4.43522563
-39.09291021,-4.43573495
-39.09331996,-4.43634009
-39.09368523,-4.43673652
-39.09386588,-4.43720096
-39.09439398,-4.43736713
-39.09510689,-4.43744213
-39.09614492,-4.43712606
-39.09619147,-4.43705697
-39.09734561,-4.43660289
-39.09801646,-4.43614505
-39.09889444,-4.43568883
-39.0995646,-4.4353236
-39.10014149,-4.4351197
-39.10090509,-4.43456998
-39.10157525,-4.43420475
-39.10238297,-4.43391004
-39.10249821,-4.43388778
-39.1034447,-4.43350153
-39.10481622,-4.4321898
-39.10619094,-4.43185654
-39.1068072,-4.43180887
-39.10766046,-4.43152326
-39.10879819,-4.43142793
-39.11017294,-4.43133257
-39.11197431,-4.43104681
-39.11278023,-4.43123701
-39.11345696,-4.43249281
-39.11364417,-4.43297864
-39.11485027,-4.434817
-39.1155025,-4.43685944
-39.11554249,-4.43767008
-39.11539459,-4.43898861
-39.11539166,-4.43938217
-39.11506533,-4.43993529
-39.11427217,-4.44136459
-39.1137519,-4.44323588
-39.11370277,-4.44365224
-39.11387264,-4.44474973
-39.11415741,-4.44693839
-39.11501106,-4.44907939
-39.11529585,-4.45131563
-39.11543829,-4.45269544
-39.11595984,-4.45317117
-39.11633924,-4.45407514
-39.11681332,-4.45412264
-39.11814059,-4.45336114
-39.11899834,-4.45265312
-39.12003914,-4.4519666
-39.12080394,-4.4512548
-39.12152341,-4.45045004
-39.12185077,-4.44975801
-39.12275675,-4.44863056
-39.12356981,-4.44761815
-39.12416015,-4.44655613
-39.12487112,-4.44579472
-39.12577174,-4.44517602
-39.12690939,-4.44455728
-39.12781009,-4.44441438
-39.12861602,-4.4445094
-39.12932722,-4.44512783
-39.13022832,-4.44726879
-39.13032339,-4.44869619
-39.13051317,-4.44960019
-39.13066084,-4.45040489
-39.13081575,-4.45123956
-39.1308805,-4.45181886
-39.13096602,-4.4526993
-39.13116146,-4.45427516
-39.13131997,-4.45454842
-39.13179417,-4.45530962
-39.13283724,-4.45592798
-39.13388021,-4.45597537
-39.1345912,-4.4553567
-39.13516002,-4.45497595
-39.13577619,-4.45430971
-39.13639239,-4.45378621
-39.13705607,-4.45369092
-39.13767241,-4.45397629
-39.13840749,-4.4547941
-39.13872728,-4.4551207
-39.13888409,-4.45570071
-39.13897358,-4.45604868
-39.13904159,-4.45618812
-39.13936121,-4.45653786
-39.13961042,-4.45707228
-39.13971174,-4.45835331
-39.14018596,-4.45911451
-39.14094453,-4.45939985
-39.14400464,-4.4604169
-39.1444402,-4.46065177
-39.14512874,-4.46091175
-39.1457242,-4.46130992
-39.14595195,-4.4616358
-39.14633993,-4.46207868
-39.14670422,-4.46261398
-39.14732339,-4.46291973
-39.14750682,-4.46301375
-39.14805848,-4.4631106
-39.14874874,-4.46313907
-39.14941461,-4.46335256
-39.14996593,-4.46349571
-39.15058784,-4.46343104
-39.151303,-4.46320502
-39.15194374,-4.46277587
-39.15260736,-4.46234751
-39.15312877,-4.46196676
-39.15407679,-4.46134801
-39.15450331,-4.46063421
-39.15474016,-4.45973014
-39.15480829,-4.4591572
-39.15478767,-4.45883292
-39.15481616,-4.45809227
-39.15479811,-4.45742072
-39.15450249,-4.45673262
-39.15445488,-4.45573344
-39.15450208,-4.45478182
-39.15469162,-4.45435355
-39.15526046,-4.45411553
-39.156505,-4.45379896
-39.15779687,-4.45339215
-39.15947861,-4.45317355
-39.16053555,-4.45341318
-39.16129228,-4.45378943
-39.16204935,-4.45411937
-39.16279834,-4.45426135
-39.16355663,-4.45382825
-39.16403063,-4.45354266
-39.16478902,-4.45297152
-39.16573711,-4.45278099
-39.16654305,-4.45287597
-39.16758602,-4.45292331
-39.16858159,-4.45306582
-39.16952983,-4.45349383
-39.17056663,-4.45390689
-39.17205657,-4.45472864
-39.17345549,-4.45541077
-39.17455591,-4.455998
-39.17524258,-4.4565126
-39.17578896,-4.45732711
-39.17638119,-4.45816512
-39.17683449,-4.45911783
-39.17708424,-4.45958278
-39.17714749,-4.46037044
-39.17730245,-4.4612051
-39.17764017,-4.46222638
-39.17804744,-4.46317873
-39.17863866,-4.46415564
-39.17918471,-4.46501645
-39.17986679,-4.46615612
-39.18025361,-4.46676103
-39.18079864,-4.46776074
-39.18116125,-4.46852753
-39.18138952,-4.46878395
-39.18156938,-4.46936413
-39.18186364,-4.47003779
-39.18185904,-4.47066286
-39.18183262,-4.4711257
-39.18185019,-4.4718667
-39.1817266,-4.47302336
-39.18167155,-4.47425
-39.18164291,-4.4750138
-39.18181869,-4.47614959
-39.18199498,-4.47721593
-39.18198357,-4.47876704
-39.18210974,-4.48038864
-39.18226217,-4.48157056
-39.18225638,-4.48235769
-39.18216006,-4.48293575
-39.1819676,-4.48406873
-39.18175978,-4.48415975
-39.1815934,-4.48487619
-39.18135644,-4.48580046
-39.18121239,-4.48660968
-39.18076744,-4.48764812
-39.1805569,-4.48810955
-39.18060038,-4.48845716
-39.18052912,-4.4887576
-39.18029386,-4.48945036
-39.18015219,-4.48993547
-39.18021357,-4.49097778
-39.18016482,-4.49134784
-39.18013789,-4.49188013
-39.18036276,-4.49259956
-39.1810239,-4.49346125
-39.18179808,-4.49460162
-39.18272861,-4.49639144
-39.18341652,-4.49674398
-39.18380098,-4.497673
-39.18494426,-4.49870043
-39.1853311,-4.49930534
-39.18640484,-4.50040169
-39.18738517,-4.50143901
-39.1893672,-4.50363984
-39.19018489,-4.50467286
-39.19137253,-4.50586354
-39.19248578,-4.50661466
-39.1935976,-4.50724988
-39.19422023,-4.50738118
-39.19544961,-4.50822357
-39.19716221,-4.50908309
-39.19853555,-4.51041053
-39.19932713,-4.51118885
-39.20054206,-4.51272693
-39.20179303,-4.51345312
-39.20325553,-4.5145476
-39.20471262,-4.51520165
-39.20526826,-4.51549607
-39.20635683,-4.51610837
-39.20754308,-4.51718312
-39.2099062,-4.51856767
-39.21245303,-4.51992672
-39.21451805,-4.52138455
-39.21669037,-4.52221506
-39.21842432,-4.52293516
-39.22043196,-4.52346634
-39.2219155,-4.52439822
-39.2237463,-4.52551121
-39.22515944,-4.52632806
-39.22714694,-4.52709131
-39.22797866,-4.52719967
-39.22937949,-4.52732326
-39.23115127,-4.52790155
-39.23230507,-4.52852137
-39.23506659,-4.52954187
-39.23636304,-4.53022106
-39.23865056,-4.53066932
-39.24033998,-4.5313303
-39.24126256,-4.53196472
-39.24161753,-4.53236354
-39.24194744,-4.53331439
-39.24194809,-4.53525767
-39.2423191,-4.53587774
-39.24268999,-4.5361257
-39.24417328,-4.53637327
-39.24518116,-4.53650869
-39.24603438,-4.5366834
-39.24713978,-4.536579
-39.24825216,-4.53649592
-39.2499417,-4.5374463
-39.2506424,-4.53831433
-39.25233197,-4.53930606
-39.25402719,-4.5394574
-39.25547578,-4.53941594
-39.25657882,-4.53933247
-39.25929173,-4.53922868
-39.26138111,-4.53892411
-39.26223003,-4.5387511
-39.26423,-4.5386563
-39.26544975,-4.53871044
-39.26821123,-4.53881466
-39.26977121,-4.538943
-39.27281599,-4.53917378
-39.27443102,-4.53957066
-39.27732417,-4.53916314
-39.27881613,-4.53893956
-39.2803068,-4.53859284
-39.28150145,-4.53817892
-39.2822016,-4.5375171
-39.28277818,-4.53693803
-39.28368429,-4.53619344
-39.28471397,-4.53536611
-39.28508456,-4.53482847
-39.28537246,-4.53354662
-39.28619591,-4.53214052
-39.28751413,-4.53168519
-39.28879108,-4.53106449
-39.29015041,-4.5304024
-39.29130385,-4.52998848
-39.29286956,-4.53027727
-39.2941057,-4.53064888
-39.29509465,-4.53102059
-39.29637205,-4.53151623
-39.2976908,-4.53238395
-39.29872107,-4.53304507
-39.30003993,-4.53416087
-39.30112183,-4.5365898
-39.30135984,-4.53779878
-39.30168971,-4.53846018
-39.30251432,-4.53990695
-39.30321512,-4.54085762
-39.30375127,-4.54213912
-39.30428727,-4.54308986
-39.30465863,-4.54441278
-39.30504778,-4.54525703
-39.30494792,-4.54652131
-39.30465362,-4.5472916
-39.30288906,-4.54933372
-39.30284803,-4.5497472
-39.30363125,-4.55069783
-39.30445563,-4.55156575
-39.30485405,-4.55248668
-39.30507467,-4.55400491
-39.30515765,-4.5553693
-39.30544632,-4.55598936
-39.30577633,-4.55694019
-39.30610628,-4.55772562
-39.30639518,-4.55888319
-39.30708119,-4.5589559
-39.30903182,-4.55830321
-39.31037511,-4.55747672
-39.31178602,-4.55625326
-39.31203641,-4.55604143
-39.31294857,-4.55540389
-39.31363044,-4.5547461
-39.31472485,-4.55396714
-39.3149301,-4.55382543
-39.31552518,-4.55358604
-39.3172283,-4.55238715
-39.31805219,-4.55209737
-39.31871148,-4.55226246
-39.31953572,-4.55275825
-39.32052493,-4.55362607
-39.32155532,-4.55445253
-39.32200864,-4.55470041
-39.32225576,-4.55449357
-39.32279076,-4.55312891
-39.32307862,-4.5518884
-39.32336638,-4.55044115
-39.32357196,-4.5494901
-39.32385996,-4.54858036
-39.32435409,-4.54795995
-39.32484809,-4.54705011
-39.32538333,-4.54622295
-39.32653635,-4.54489935
-39.32690708,-4.5447338
-39.32764882,-4.54502288
-39.32859671,-4.54564264
-39.32946209,-4.54601436
-39.33004246,-4.54644645
-39.33078215,-4.54673843
-39.33300846,-4.54819385
-39.33375133,-4.5487408
-39.33489009,-4.54967683
-39.33614124,-4.55040278
-39.33679039,-4.55081182
-39.33773534,-4.55096208
-39.33920723,-4.55094333
-39.34044884,-4.55090434
-39.34157286,-4.55065819
-39.34288058,-4.55038651
-39.34388816,-4.55002593
-39.34461744,-4.54948341
-39.34534875,-4.54910316
-39.34598923,-4.5488168
-39.34633073,-4.54853424
-39.34724428,-4.54801256
-39.34790891,-4.54781863
-39.34870632,-4.54720569
-39.34969156,-4.54600483
-39.35080364,-4.5453014
-39.35179235,-4.54509419
-39.3530284,-4.54517628
-39.35459414,-4.54542359
-39.35554189,-4.54571254
-39.35648954,-4.54579476
-39.35751957,-4.5458356
-39.35850857,-4.54620722
-39.35945638,-4.54662021
-39.36023973,-4.54769481
-39.36069022,-4.54904662
-39.3610893,-4.54969066
-39.3613245,-4.55010496
-39.36190728,-4.55072348
-39.36258437,-4.55152625
-39.36279571,-4.55187131
-39.36346909,-4.55239477
-39.36437089,-4.55275535
-39.36674318,-4.55300326
-39.36890327,-4.55283656
-39.37060078,-4.55246712
-39.37126628,-4.5523427
-39.37211373,-4.55205367
-39.37280048,-4.55178988
-39.37335124,-4.55171826
-39.37417804,-4.5515868
-39.37473493,-4.5519738
-39.37520012,-4.55238516
-39.37550403,-4.55277539
-39.37613834,-4.55383372
-39.37662885,-4.55443022
-39.37714207,-4.55500324
-39.37813152,-4.55686845
-39.37844676,-4.55816269
-39.37851982,-4.55848632
-39.37873407,-4.55906317
-39.37890464,-4.55982604
-39.37915002,-4.56105162
-39.37922773,-4.56174613
-39.37921257,-4.56237227
-39.3794763,-4.56322669
-39.37964223,-4.56361868
-39.38062792,-4.56518255
-39.3812312,-4.56589863
-39.38192891,-4.56620916
-39.38273938,-4.56663927
-39.38334461,-4.56721111
-39.38385523,-4.56757551
-39.38407471,-4.56856959
-39.38428664,-4.56896099
-39.38470614,-4.56939611
-39.38533176,-4.56975904
-39.38577396,-4.57017068
-39.38647613,-4.57113539
-39.38666768,-4.57173571
-39.38692881,-4.5723815
-39.38719633,-4.57353724
-39.38745833,-4.57425257
-39.3878656,-4.57554563
-39.38863474,-4.5763472
-39.38935875,-4.5772189
-39.389734,-4.57779368
-39.38989674,-4.57838537
-39.39016864,-4.57943413
-39.39063851,-4.58021635
-39.39111478,-4.58150852
-39.39146849,-4.58219949
-39.39233255,-4.58323167
-39.39287462,-4.58426798
-39.3930423,-4.58479905
-39.39330286,-4.58539848
-39.39400331,-4.5862241
-39.39502633,-4.58709196
-39.39620657,-4.58765642
-39.39666917,-4.58785914
-39.39761534,-4.58810203
-39.39840081,-4.58837016
-39.39983375,-4.58890819
-39.40093859,-4.58896357
-39.40226904,-4.58866831
-39.40293282,-4.58840478
-39.40404929,-4.58755586
-39.40482398,-4.58696634
-39.40571424,-4.5864217
-39.40715153,-4.58547593
-39.40804412,-4.58511672
-39.40921212,-4.58470762
-39.41047153,-4.58425097
-39.41159294,-4.58379609
-39.41340257,-4.58319327
-39.41443887,-4.58290387
-39.41552762,-4.58281931
-39.41682971,-4.58317244
-39.41763964,-4.58355615
-39.41820854,-4.58424458
-39.41871164,-4.58525147
-39.41901064,-4.58648282
-39.41904803,-4.58760135
-39.41908611,-4.58882336
-39.41882121,-4.58970773
-39.41846351,-4.59062323
-39.41826929,-4.59154631
-39.41809696,-4.59247585
-39.41821377,-4.59322526
-39.4185075,-4.59402386
-39.41964615,-4.59493656
-39.42008722,-4.59525546
-39.42059466,-4.59536485
-39.42128581,-4.5954487
-39.42241512,-4.59561965
-39.4235453,-4.59586014
-39.42451419,-4.59607952
-39.4253713,-4.59655535
-39.42643628,-4.59709805
-39.42761889,-4.59784789
-39.42855026,-4.59874006
-39.42984788,-4.59948841
-39.43100866,-4.60033126
-39.43184483,-4.60096963
-39.43289004,-4.60176759
-39.43376928,-4.60217358
-39.43465174,-4.60283453
-39.43553304,-4.60340277
-39.43650574,-4.60392346
-39.43794381,-4.6046104
-39.43951353,-4.60529891
-39.44088134,-4.60613907
-39.44193124,-4.60730789
-39.44238024,-4.60825262
-39.4428034,-4.60901812
-39.44971731,-4.60445131
-39.45227296,-4.60013183
-39.45262312,-4.59439204
-39.44824503,-4.5899762
-39.4452727,-4.58219281
-39.44502547,-4.57831222
-39.44664385,-4.57448713
-39.44753812,-4.57328906
-39.44830337,-4.57177606
-39.44844226,-4.56622046
-39.45036578,-4.56280903
-39.45318965,-4.56194543
-39.45455359,-4.56297599
-39.4560357,-4.56535017
-39.45812594,-4.56834262
-39.46006501,-4.56819169
-39.46185445,-4.5672924
-39.46617507,-4.5592064
-39.46699848,-4.55603983
-39.47049583,-4.55344814
-39.47338482,-4.55275924
-39.4761877,-4.55345369
-39.48277683,-4.5483981
-39.48780478,-4.54709253
-39.48811035,-4.54482029
-39.48615053,-4.54033238
-39.48486023,-4.53842025
-39.4855547,-4.53426466
-39.48441855,-4.53146186
-39.481965,-4.52671351
-39.4811101,-4.52000066
-39.481499,-4.51668397
-39.4828296,-4.51434228
-39.48266571,-4.50431443
-39.48791064,-4.49572395
-39.49136047,-4.48996154
-39.49222891,-4.48509314
-39.49312331,-4.48434409
-39.49391611,-4.48376982
-39.49714761,-4.48029977
-39.50352479,-4.47418364
-39.50277476,-4.46870026
-39.50198855,-4.46759662
-39.50097027,-4.46668346
-39.50161245,-4.46587668
-39.50230856,-4.46560743
-39.50305834,-4.4654994
-39.50445089,-4.46544469
-39.50530794,-4.46555161
-39.50728963,-4.46544273
-39.50830703,-4.46506573
-39.50943207,-4.46544124
-39.51232492,-4.46624557
-39.51322236,-4.46688081
-39.51382518,-4.46705086
-39.51462931,-4.46807166
-39.51393373,-4.46909351
-39.51141784,-4.47124552
-39.51195633,-4.47538436
-39.51153097,-4.47990017
-39.51437386,-4.48575758
-39.51657203,-4.48876636
-39.51860862,-4.49048511
-39.52048793,-4.49698824
-39.52172267,-4.49798382
-39.52359563,-4.49843743
-39.52568344,-4.49682324
-39.52889408,-4.49246669
-39.53049662,-4.48644487
-39.53092481,-4.48601451
-39.53076307,-4.48456322
-39.53097577,-4.48241283
-39.53172339,-4.47929444
-39.53215025,-4.47703638
-39.53204037,-4.47321979
-39.53294738,-4.46832735
-39.5333754,-4.46768196
-39.53396457,-4.46768153
-39.53458907,-4.46813507
-39.53566089,-4.4691357
-39.53633363,-4.47266435
-39.53681632,-4.47491753
-39.53716489,-4.48296704
-39.53864511,-4.48597793
-39.53976356,-4.48735192
-39.54292382,-4.48745709
-39.54501239,-4.48697173
-39.5463041,-4.48598095
-39.55336299,-4.48019222
-39.56000128,-4.47577921
-39.56085789,-4.47529475
-39.56128585,-4.4745956
-39.56139129,-4.47239153
-39.56096129,-4.47040291
-39.55956643,-4.46739366
-39.55956447,-4.46481338
-39.55983191,-4.46432938
-39.56031379,-4.46411399
-39.56106429,-4.46497351
-39.56147261,-4.46601433
-39.56176176,-4.46653189
-39.56234899,-4.46686993
-39.56320871,-4.46760589
-39.56379887,-4.46889557
-39.56529918,-4.46970075
-39.56672501,-4.4700522
-39.57119388,-4.47034194
-39.57314916,-4.4703146
-39.5762311,-4.4743826
-39.57653019,-4.47535309
-39.57694424,-4.47776911
-39.57848464,-4.47904547
-39.58152481,-4.48011146
-39.58219428,-4.48175314
-39.5821013,-4.48537105
-39.58297209,-4.48775874
-39.58594441,-4.48795874
-39.58694119,-4.48861737
-39.58775058,-4.48915217
-39.58848399,-4.48963677
-39.58974316,-4.49038608
-39.58998092,-4.49154461
-39.58992277,-4.49285194
-39.5895391,-4.4943378
-39.58879933,-4.49475436
-39.58743822,-4.49561707
-39.58601768,-4.49621244
-39.58486347,-4.49665903
-39.58412338,-4.49668934
-39.58187287,-4.49597807
-39.58089574,-4.49574117
-39.57980094,-4.4964551
-39.57968327,-4.49740595
-39.57992518,-4.4983455
-39.58024893,-4.50141649
-39.58053919,-4.50249921
-39.58332576,-4.50801322
-39.58441166,-4.50821665
-39.58541662,-4.50901168
-39.58461703,-4.51046384
-39.58298923,-4.51148667
-39.58164148,-4.51558396
-39.5817776,-4.51845064
-39.58394434,-4.5198701
-39.58724876,-4.52037085
-39.58818071,-4.52099327
-39.58892743,-4.52292452
-39.59004593,-4.52385838
-39.59234365,-4.52404345
-39.59383474,-4.524977
-39.59706525,-4.52678156
-39.59961717,-4.52891742
-39.60152698,-4.53121345
-39.60296068,-4.53456295
-39.60512834,-4.53577472
-39.60881759,-4.53503103
-39.61275389,-4.5335451
-39.61457871,-4.53336913
-39.61762114,-4.53432586
-39.62083611,-4.53379983
-39.62367363,-4.53209341
-39.62674268,-4.53048069
-39.62969722,-4.5303037
-39.63630441,-4.5332631
-39.63714021,-4.53374643
-39.63729381,-4.53383525
-39.64120208,-4.53790103
-39.64664104,-4.54105082
-39.65773313,-4.55024455
-39.66853071,-4.55771761
-39.67000299,-4.5570426
-39.67148056,-4.55641104
-39.67369479,-4.55610926
-39.67575319,-4.55623149
-39.68056609,-4.55579965
-39.68670081,-4.55605371
-39.68860139,-4.55631948
-39.69030927,-4.55887595
-39.69034122,-4.55898976
-39.69204138,-4.55546225
-39.69395652,-4.55407142
-39.69508885,-4.55242318
-39.69619566,-4.55049568
-39.6966854,-4.54927968
-39.69713621,-4.54897335
-39.69763318,-4.54875024
-39.6981612,-4.54861712
-39.69870424,-4.54857803
-39.69883363,-4.54858276
-39.69981271,-4.54729323
-39.69995557,-4.54641381
-39.69994408,-4.54552287
-39.6997786,-4.54464746
-39.6995026,-4.54389604
-39.70262996,-4.54193255
-39.70406964,-4.54144494
-39.70613078,-4.54187739
-39.70823545,-4.54194409
-39.70892202,-4.54188592
-39.70852859,-4.54069339
-39.7086224,-4.54073102
-39.7087213,-4.54075173
-39.70882227,-4.54075489
-39.70892226,-4.5407404
-39.70901822,-4.54070871
-39.70910725,-4.54066078
-39.70918662,-4.54059807
-39.70925394,-4.54052247
-39.70930716,-4.5404363
-39.70934465,-4.54034215
-39.70936529,-4.54024291
-39.70936843,-4.54014158
-39.709354,-4.54004123
-39.7093498,-4.54002441
-39.7099738,-4.53982753
-39.71062239,-4.53974239
-39.71127585,-4.53977156
-39.71191434,-4.53991416
-39.7120724,-4.53996823
-39.71506776,-4.53942881
-39.7154544,-4.53880738
-39.71881575,-4.53824361
-39.72057162,-4.53752472
-39.72252349,-4.53707064
-39.72535556,-4.53716263
-39.72865283,-4.53781602
-39.73231454,-4.53803174
-39.73632674,-4.54017489
-39.73774636,-4.54044503
-39.738974,-4.54300701
-39.74295535,-4.54458537
-39.74505824,-4.54495997
-39.74723506,-4.54420417
-39.74821029,-4.5432989
-39.75015965,-4.5404334
-39.75158478,-4.53892483
-39.7536117,-4.53847058
-39.75578817,-4.53741334
-39.75706358,-4.53635704
-39.75991591,-4.53537444
-39.76306906,-4.53484363
-39.76464472,-4.53371165
-39.76546902,-4.53212833
-39.76607181,-4.53108408
-39.76777721,-4.52779939
-39.76875137,-4.52559344
-39.76811475,-4.52378119
-39.76679516,-4.52250864
-39.76317904,-4.51952357
-39.76088355,-4.51879101
-39.75926941,-4.51595081
-39.75580023,-4.51335753
-39.75545715,-4.51208393
-39.75521005,-4.50919329
-39.75574594,-4.50806577
-39.75603812,-4.50733049
-39.75633015,-4.50644822
-39.75642658,-4.50527216
-39.7567185,-4.50429189
-39.75637543,-4.5030183
-39.7560322,-4.5015977
-39.75525918,-4.500884
-39.75236868,-4.49983756
-39.74919389,-4.49856688
-39.74679764,-4.49469847
-39.74635689,-4.49337597
-39.74659836,-4.49077881
-39.74645065,-4.489554
-39.7461086,-4.48926036
-39.74498658,-4.49014347
-39.74343695,-4.49255846
-39.74210939,-4.4934293
-39.7409382,-4.49396948
-39.73942485,-4.49411801
-39.73796008,-4.4940215
-39.73654368,-4.49348395
-39.735412,-4.49218713
-39.73468358,-4.4917768
-39.73409996,-4.49088949
-39.7339532,-4.49059565
-39.73359,-4.49011096
-39.73420274,-4.48842073
-39.73374599,-4.48652597
-39.72887091,-4.48579889
-39.72789413,-4.48545687
-39.72677103,-4.485262
-39.72569651,-4.48482208
-39.72457331,-4.4845292
-39.72218031,-4.48379659
-39.72095827,-4.48227884
-39.72066284,-4.4797312
-39.72097556,-4.47870569
-39.72280917,-4.47786713
-39.72417574,-4.47742479
-39.72641965,-4.47551162
-39.72656515,-4.4745315
-39.72680829,-4.47355129
-39.7267491,-4.47290078
-39.72573181,-4.47110243
-39.72543754,-4.46973075
-39.72680346,-4.46865143
-39.72826751,-4.46806199
-39.72904802,-4.46742424
-39.73109752,-4.46644222
-39.73270754,-4.46536265
-39.73348682,-4.46349992
-39.73353432,-4.46217691
-39.7335336,-4.46144193
-39.73309285,-4.46007041
-39.73294522,-4.4588946
-39.73260227,-4.45766997
-39.73323465,-4.45536641
-39.73362312,-4.45325908
-39.73296377,-4.45184269
-39.73049575,-4.45032228
-39.72971353,-4.44919609
-39.72951666,-4.44757933
-39.72927333,-4.446366
-39.72902173,-4.44485921
-39.72965797,-4.4440138
-39.73063458,-4.44258036
-39.73111161,-4.44138664
-39.7332698,-4.44154877
-39.73629508,-4.4400268
-39.73590351,-4.43899822
-39.73534056,-4.43859712
-39.73440654,-4.4371823
-39.73408706,-4.43608658
-39.73483642,-4.43455606
-39.73584955,-4.43380443
-39.73662934,-4.43248069
-39.73717655,-4.43115175
-39.73901839,-4.43019106
-39.73999573,-4.42920833
-39.74047205,-4.42765522
-39.74015236,-4.42633118
-39.74001498,-4.42534947
-39.73978666,-4.42443634
-39.73976314,-4.42359152
-39.73973975,-4.42288371
-39.73992125,-4.42233554
-39.74023095,-4.42145241
-39.74062076,-4.42071705
-39.74091308,-4.42012877
-39.74203462,-4.41885369
-39.74305876,-4.41782369
-39.7455462,-4.41556726
-39.74603281,-4.41399882
-39.74598223,-4.41223492
-39.7458941,-4.41116453
-39.74664332,-4.40951984
-39.74803024,-4.40869656
-39.75032325,-4.40855566
-39.75266532,-4.40742633
-39.75290813,-4.40615212
-39.75329713,-4.40463278
-39.75334496,-4.40365276
-39.75261134,-4.40228155
-39.75270769,-4.40100749
-39.7528035,-4.39919445
-39.75211973,-4.39885215
-39.75060574,-4.3981677
-39.74928693,-4.39738506
-39.74831041,-4.39719005
-39.74757822,-4.39723978
-39.74669978,-4.39748565
-39.7455773,-4.39778077
-39.74469919,-4.39836963
-39.74382152,-4.39939948
-39.74250407,-4.39998878
-39.74074726,-4.40057851
-39.7391369,-4.4011681
-39.73776946,-4.40058147
-39.73610894,-4.39979914
-39.73474141,-4.39911451
-39.73342274,-4.39847883
-39.73244608,-4.3981368
-39.73132245,-4.39725593
-39.73058887,-4.39588468
-39.72873195,-4.39392655
-39.72775321,-4.39142858
-39.72814151,-4.38912526
-39.72683152,-4.38649874
-39.72632931,-4.38451267
-39.72578208,-4.3830518
-39.72574235,-4.38167978
-39.72569221,-4.38030787
-39.7256916,-4.37967088
-39.72520302,-4.37923037
-39.72481245,-4.37918175
-39.72447112,-4.37957407
-39.72286281,-4.38227056
-39.72081341,-4.38315452
-39.71764031,-4.38305958
-39.71597938,-4.3817872
-39.7145628,-4.38080858
-39.71324414,-4.38012386
-39.71199386,-4.37973016
-39.71090197,-4.37975394
-39.71002112,-4.37885295
-39.70967854,-4.3779223
-39.70962917,-4.37733436
-39.70957976,-4.37669742
-39.70955654,-4.37589622
-39.71121593,-4.3744791
-39.71198863,-4.37363359
-39.71196487,-4.37244626
-39.71082591,-4.37062056
-39.71041546,-4.3694564
-39.71027788,-4.36817783
-39.71050428,-4.36692179
-39.71084464,-4.36591682
-39.71057097,-4.36509504
-39.71022886,-4.36404499
-39.71002322,-4.36297199
-39.71006797,-4.36210427
-39.71070408,-4.36114471
-39.71145366,-4.35986538
-39.7117476,-4.35778727
-39.71233827,-4.35689625
-39.71313344,-4.35573105
-39.71381492,-4.35463445
-39.71338204,-4.35383565
-39.71224337,-4.35230678
-39.71130937,-4.35070923
-39.7099891,-4.34961434
-39.70911404,-4.34857246
-39.70911349,-4.34798447
-39.71028455,-4.34749338
-39.71457896,-4.34626434
-39.72150939,-4.34517976
-39.72302222,-4.34478632
-39.72414482,-4.34468724
-39.72497482,-4.34488244
-39.72609677,-4.34409738
-39.72692514,-4.34257762
-39.72707059,-4.3415485
-39.72742797,-4.34023746
-39.72860945,-4.33868374
-39.73209282,-4.33585979
-39.73267729,-4.33453625
-39.73379817,-4.33267321
-39.73389523,-4.33208513
-39.7337652,-4.32984263
-39.73301301,-4.32806227
-39.73255661,-4.326373
-39.73191772,-4.3240902
-39.73196194,-4.32262882
-39.73189238,-4.32112187
-39.73232347,-4.31986564
-39.73234557,-4.31913495
-39.73236874,-4.31821997
-39.73173392,-4.31792659
-39.73124576,-4.31787806
-39.73036819,-4.31895688
-39.72929448,-4.31910491
-39.72831845,-4.31930184
-39.7271822,-4.31913947
-39.72668167,-4.3190029
-39.72668088,-4.31808956
-39.72689924,-4.3154323
-39.72658717,-4.31493861
-39.72649599,-4.31471035
-39.72635766,-4.31256412
-39.72615206,-4.31153679
-39.7258324,-4.31012138
-39.72650205,-4.30837684
-39.72718493,-4.3078862
-39.72913628,-4.30675736
-39.73050171,-4.30543308
-39.73176402,-4.30429366
-39.73279387,-4.30342193
-39.73357408,-4.30263719
-39.73503707,-4.30126382
-39.73601195,-4.29989091
-39.73688959,-4.29891008
-39.73747385,-4.29739056
-39.73785282,-4.29625091
-39.73826178,-4.29572538
-39.73876128,-4.29469743
-39.73862425,-4.29405821
-39.73819153,-4.29341925
-39.73741725,-4.29234676
-39.73677973,-4.29159381
-39.73541376,-4.2901565
-39.73445792,-4.28954083
-39.73338775,-4.28821742
-39.73422849,-4.28725767
-39.73593366,-4.28643417
-39.73700171,-4.28531439
-39.73814415,-4.28381726
-39.73853307,-4.28219992
-39.73780047,-4.28171064
-39.73670275,-4.28154712
-39.73565582,-4.28079453
-39.73417657,-4.27983681
-39.73285647,-4.27881046
-39.73208224,-4.27776078
-39.7321038,-4.27639075
-39.73207978,-4.27490659
-39.73166917,-4.2735141
-39.73216863,-4.27244049
-39.73282802,-4.27218875
-39.7333961,-4.27157175
-39.73453239,-4.27047475
-39.73646448,-4.26908022
-39.73732719,-4.26725278
-39.73796259,-4.26558538
-39.73948471,-4.26355186
-39.7412347,-4.26202048
-39.7425529,-4.26090048
-39.74490575,-4.26014433
-39.74666191,-4.25921165
-39.74768582,-4.25813268
-39.74762105,-4.25653481
-39.74903019,-4.25539189
-39.75043928,-4.25420329
-39.75248528,-4.25310547
-39.75441567,-4.25244227
-39.75558645,-4.25185314
-39.75695256,-4.25136181
-39.75900153,-4.25042882
-39.76090455,-4.24998595
-39.76339267,-4.24895452
-39.76436802,-4.24816958
-39.76505049,-4.24733593
-39.76571637,-4.24649472
-39.76717115,-4.24558007
-39.76830743,-4.24457437
-39.77019374,-4.24299715
-39.77160345,-4.24256203
-39.77344498,-4.24178401
-39.77521836,-4.24109738
-39.77703702,-4.24018238
-39.77749139,-4.23963396
-39.77765007,-4.23906298
-39.77844518,-4.23805758
-39.77871745,-4.2373495
-39.77926213,-4.23607033
-39.77948839,-4.23479146
-39.77962449,-4.2332195
-39.77962289,-4.232645
-39.77884883,-4.23177804
-39.77866553,-4.23029404
-39.7782105,-4.23011179
-39.77743581,-4.22855984
-39.77752523,-4.22684725
-39.77740939,-4.22451836
-39.77740886,-4.22392469
-39.77752153,-4.22278292
-39.77729329,-4.22189263
-39.77581504,-4.22193965
-39.7747915,-4.22182641
-39.77406292,-4.22093657
-39.77490581,-4.21929266
-39.77588266,-4.21817716
-39.77627826,-4.21730106
-39.7770145,-4.21540821
-39.77765016,-4.21415179
-39.77855855,-4.21268963
-39.77928576,-4.21161927
-39.7795125,-4.21131875
-39.78097401,-4.208274
-39.7818447,-4.20673402
-39.78192269,-4.20543366
-39.7821215,-4.20428369
-39.78264314,-4.20270771
-39.78300536,-4.20088071
-39.78315948,-4.19996593
-39.7838721,-4.19895684
-39.78437344,-4.19810717
-39.78519193,-4.19725718
-39.78619563,-4.19659276
-39.78706738,-4.19614077
-39.788845,-4.19525834
-39.78934472,-4.19459571
-39.78994608,-4.19393535
-39.78981342,-4.19343129
-39.7895935,-4.19308848
-39.78945642,-4.19240361
-39.78890956,-4.19126245
-39.78829478,-4.19044101
-39.78801226,-4.18953228
-39.78645044,-4.18799955
-39.78608089,-4.18757053
-39.78513732,-4.1864374
-39.7835398,-4.18515688
-39.78183652,-4.18451753
-39.7805114,-4.18426031
-39.77866753,-4.18229831
-39.77716505,-4.18061001
-39.77552627,-4.17908165
-39.7743656,-4.17814653
-39.77365993,-4.17739366
-39.77293081,-4.17584164
-39.77267952,-4.1745632
-39.7746453,-4.1738626
-39.77406537,-4.17300928
-39.77370032,-4.17124156
-39.77375773,-4.16921388
-39.77357779,-4.16742498
-39.77327953,-4.16611328
-39.77298133,-4.16486121
-39.77232693,-4.16378841
-39.77161343,-4.16301384
-39.77125647,-4.16241783
-39.77107748,-4.1615831
-39.77066061,-4.16045042
-39.77024426,-4.15985446
-39.76953076,-4.15907989
-39.76923303,-4.15830491
-39.76851954,-4.15753034
-39.76762878,-4.15771012
-39.76702488,-4.15789984
-39.76559228,-4.15801528
-39.7643869,-4.15790218
-39.76277223,-4.15785793
-39.76129391,-4.1576994
-39.75978883,-4.15795627
-39.75836322,-4.15783837
-39.75788732,-4.15706356
-39.75711296,-4.15473849
-39.75699116,-4.15157788
-39.75692904,-4.1487154
-39.75698718,-4.14740334
-39.75710484,-4.1462105
-39.75627195,-4.14478003
-39.75591457,-4.14370691
-39.75537815,-4.14173943
-39.75466389,-4.14012993
-39.75448475,-4.13911628
-39.75489887,-4.13738643
-39.75537227,-4.13553725
-39.75620102,-4.13261428
-39.75631924,-4.1320178
-39.75601812,-4.13155965
-39.75497174,-4.13119522
-39.75335659,-4.13053444
-39.75204139,-4.13041169
-39.75055582,-4.12963783
-39.7496643,-4.12898267
-39.74918882,-4.1286253
-39.74893918,-4.12377951
-39.74836951,-4.12240998
-39.74748127,-4.12078955
-39.74563838,-4.11969511
-39.74409066,-4.11805241
-39.74317925,-4.11590682
-39.74183557,-4.11351043
-39.74106057,-4.11131906
-39.74044089,-4.11014617
-39.73978518,-4.10899111
-39.73798827,-4.10844461
-39.73737406,-4.10842486
-39.73651921,-4.1081818
-39.73550927,-4.10788455
-39.73408364,-4.10764732
-39.7330141,-4.10711157
-39.73188489,-4.1062777
-39.73111263,-4.1060995
-39.72939647,-4.1043248
-39.73049506,-4.10178128
-39.73258506,-4.09990012
-39.73346456,-4.09857278
-39.732912,-4.09625186
-39.73378929,-4.09249255
-39.73345762,-4.09094524
-39.73422582,-4.08829148
-39.73433269,-4.08475397
-39.73360874,-4.08138834
-39.73333649,-4.07878549
-39.73465402,-4.07491524
-39.73531373,-4.07403029
-39.736962,-4.07071245
-39.73751072,-4.0688327
-39.73695929,-4.06772776
-39.73651794,-4.06662273
-39.73622672,-4.06463952
-39.73651443,-4.06275369
-39.73816138,-4.05799878
-39.73881696,-4.05258152
-39.74277702,-4.04937211
-39.74486656,-4.04715931
-39.74475466,-4.04516962
-39.74299174,-4.04340253
-39.74288076,-4.04240774
-39.74444604,-4.03960844
-39.7476093,-4.03698673
-39.74848832,-4.03521722
-39.75079605,-4.03090388
-39.7531063,-4.02935412
-39.75684747,-4.02769249
-39.75827737,-4.02647517
-39.75915595,-4.02426348
-39.75970522,-4.02304699
-39.76087668,-4.02219278
-39.76476624,-4.02027865
-39.76531344,-4.01685129
-39.76575323,-4.01629816
-39.76729349,-4.01541236
-39.76839343,-4.01452698
-39.76993306,-4.01297792
-39.77006448,-4.01010479
-39.77025667,-4.00590283
-39.77218343,-4.00145717
-39.77342013,-3.99898113
-39.77449128,-3.99788945
-39.77542289,-3.99750844
-39.77865974,-3.99688609
-39.78241165,-3.99577626
-39.78456219,-3.99625403
-39.78760174,-3.9974194
-39.7886038,-3.99741843
-39.78952878,-3.99741754
-39.79196827,-3.99648682
-39.79483181,-3.99312522
-39.79698072,-3.99192356
-39.79884937,-3.99090608
-39.80223342,-3.98879953
-39.8060534,-3.98639664
-39.81369212,-3.98039123
-39.81655599,-3.97750942
-39.81894206,-3.97462808
-39.82037351,-3.97270734
-39.82466614,-3.96526571
-39.82585724,-3.96190573
-39.82806571,-3.95761774
-39.82727866,-3.94990861
-39.82440592,-3.9436737
-39.82010253,-3.94007925
-39.81842779,-3.93744185
-39.8184217,-3.93120407
-39.81721705,-3.92064901
-39.81721379,-3.91729021
-39.81720124,-3.90433482
-39.81695565,-3.89737753
-39.81432141,-3.89042255
-39.81049656,-3.88730735
-39.80882153,-3.88419006
-39.8085797,-3.88107139
-39.81001014,-3.87819103
-39.8123958,-3.87506984
-39.82144146,-3.87151553
-39.82504828,-3.86762022
-39.82797862,-3.86208312
-39.82840154,-3.85105437
-39.82859446,-3.84602382
-39.82931871,-3.83762674
-39.82907454,-3.83210894
-39.83074117,-3.82658929
-39.83264709,-3.82154924
-39.83498363,-3.8178766
-39.83549337,-3.81710695
-39.83567256,-3.81611895
-39.83526836,-3.81530891
-39.83217412,-3.81595645
-39.83013194,-3.81570205
-39.82770641,-3.81493524
-39.8249598,-3.81532832
-39.82228647,-3.81457069
-39.82043118,-3.81404488
-39.8117532,-3.81430953
-39.79605538,-3.81597239
-39.79427131,-3.81676158
-39.79223088,-3.81842998
-39.79172192,-3.82009697
-39.79117971,-3.82166545
-39.79019291,-3.82279045
-39.7886612,-3.82253547
-39.78738497,-3.82253665
-39.78585326,-3.82228167
-39.78202341,-3.82100324
-39.77576849,-3.8194706
-39.76542883,-3.81977879
-39.76147221,-3.81989669
-39.75879517,-3.82012679
-39.75547639,-3.81948875
-39.75241153,-3.81731214
-39.75062269,-3.814878
-39.74703852,-3.80244623
-39.74371543,-3.79668033
-39.74001028,-3.79181211
-39.73643129,-3.78514902
-39.73515067,-3.7798941
-39.73489219,-3.77604846
-39.73565456,-3.77207376
-39.73654529,-3.76899632
-39.7362865,-3.76476609
-39.73409356,-3.75951996
-39.73168473,-3.7556681
-39.71916847,-3.7493552
-39.71011672,-3.74517851
-39.70665731,-3.7425517
-39.70202738,-3.73903605
-39.70005636,-3.7368184
-39.6983306,-3.73393418
-39.69646089,-3.73061723
-39.69473458,-3.72701159
-39.69573541,-3.7212396
-39.69788836,-3.71950653
-39.69817458,-3.71820778
-39.69687939,-3.71489037
-39.69773986,-3.7133026
-39.70132819,-3.71055843
-39.70738148,-3.7096657
-39.71166783,-3.70939591
-39.71482663,-3.70838339
-39.71582975,-3.70564127
-39.71668798,-3.70131219
-39.71840708,-3.69597245
-39.71596318,-3.69294456
-39.7156741,-3.69063632
-39.71753902,-3.68803778
-39.72141418,-3.68500476
-39.72442961,-3.68442519
-39.72687164,-3.68514459
-39.72988706,-3.684565
-39.73218359,-3.68297604
-39.73419087,-3.67893456
-39.7366246,-3.66955442
-39.73416298,-3.66727274
-39.73294663,-3.66605273
-39.72964638,-3.66431113
-39.72538916,-3.66226567
-39.72254741,-3.66246717
-39.71974849,-3.66257486
-39.71689759,-3.6627015
-39.71514528,-3.66253953
-39.71315014,-3.661708
-39.7124998,-3.66021768
-39.71282931,-3.65902224
-39.71282789,-3.65722947
-39.7131563,-3.65463966
-39.71330396,-3.65370199
-39.71275777,-3.65211682
-39.71031128,-3.65065799
-39.70925326,-3.64992844
-39.70892244,-3.64946391
-39.70895725,-3.64853567
-39.70905192,-3.64601106
-39.71085962,-3.6401753
-39.71102847,-3.63817443
-39.71089442,-3.63578418
-39.71056288,-3.63439006
-39.70904112,-3.6322001
-39.7083778,-3.62907987
-39.70923571,-3.62748562
-39.70923488,-3.62642324
-39.70870438,-3.62554692
-39.70810993,-3.62456495
-39.70738213,-3.62350314
-39.70553002,-3.62137982
-39.70414124,-3.62018573
-39.70272994,-3.6183808
-39.70183336,-3.61760989
-39.70055262,-3.61662495
-39.69760633,-3.61358367
-39.69436235,-3.61178575
-39.693765,-3.61174334
-39.69299786,-3.61285847
-39.6918463,-3.61341663
-39.69112143,-3.61401732
-39.69112276,-3.61577486
-39.69240385,-3.61723136
-39.69316859,-3.61753825
-39.69277317,-3.61899933
-39.69270874,-3.62119056
-39.69310866,-3.62563899
-39.69277892,-3.62656883
-39.69113311,-3.62940657
-39.69028085,-3.63082183
-39.6883211,-3.63468136
-39.6865745,-3.6383264
-39.68440094,-3.64158595
-39.68201977,-3.64430565
-39.68129348,-3.64523579
-39.68069906,-3.64576744
-39.6794436,-3.64610039
-39.67673429,-3.64663363
-39.67401143,-3.64708419
-39.67032347,-3.64657205
-39.66662132,-3.64511402
-39.66444039,-3.64518204
-39.66265653,-3.64598015
-39.66100557,-3.64777416
-39.65710767,-3.64976901
-39.65459727,-3.65123164
-39.65241766,-3.65315882
-39.65109579,-3.65309338
-39.64990562,-3.65236385
-39.64923868,-3.65176521
-39.64864907,-3.65123597
-39.64937322,-3.64725146
-39.64923989,-3.64565796
-39.6485855,-3.64421355
-39.64765205,-3.64333512
-39.64699081,-3.6428708
-39.64593313,-3.64253956
-39.64381823,-3.64254108
-39.64196737,-3.64207761
-39.6419009,-3.64154646
-39.6412831,-3.64073772
-39.64112026,-3.63935551
-39.64136992,-3.63835965
-39.64136917,-3.63729725
-39.64057529,-3.63616902
-39.63931888,-3.63517391
-39.63795951,-3.63325922
-39.63707023,-3.63291791
-39.63548403,-3.63285263
-39.63409637,-3.63318561
-39.63237771,-3.63272202
-39.63105544,-3.63205895
-39.62907284,-3.63219314
-39.62609925,-3.63285921
-39.62378426,-3.63293165
-39.62153948,-3.63352637
-39.62087867,-3.63365963
-39.61982159,-3.63419156
-39.61949155,-3.63478939
-39.61909514,-3.63498886
-39.61869833,-3.63459073
-39.61790457,-3.63359528
-39.61724335,-3.63313093
-39.61684699,-3.6333968
-39.61618645,-3.63392846
-39.61453446,-3.63432799
-39.61354302,-3.63419586
-39.61241943,-3.63413023
-39.61083264,-3.6332017
-39.61024893,-3.63310354
-39.60815083,-3.63452441
-39.60689908,-3.63395748
-39.60641406,-3.63302502
-39.60596855,-3.63079476
-39.6052413,-3.62982191
-39.60330356,-3.62957987
-39.60205175,-3.62889126
-39.60015279,-3.6262564
-39.59962774,-3.62581064
-39.59692363,-3.62646132
-39.59571222,-3.62581323
-39.59496343,-3.62486423
-39.594924,-3.62482661
-39.59487328,-3.62486186
-39.59361312,-3.6257335
-39.59155503,-3.62662709
-39.58867287,-3.62689716
-39.584189,-3.62856383
-39.58128853,-3.62865971
-39.5785745,-3.62767441
-39.57623533,-3.62762891
-39.57302764,-3.62785573
-39.5698733,-3.62833799
-39.56589749,-3.62951556
-39.56421435,-3.63120871
-39.56164398,-3.63558156
-39.55905731,-3.6387467
-39.55743666,-3.64075447
-39.55715642,-3.64150668
-39.55721393,-3.64408809
-39.55716063,-3.64926209
-39.55730293,-3.65151815
-39.55599355,-3.65245902
-39.55426297,-3.65316513
-39.54983198,-3.65369403
-39.54257376,-3.65463178
-39.54191693,-3.65472646
-39.54116661,-3.65538686
-39.54022883,-3.65642448
-39.53882225,-3.65812232
-39.53525632,-3.65812446
-39.53150237,-3.65756104
-39.5295319,-3.65784504
-39.52502712,-3.65709348
-39.52239916,-3.65634079
-39.51367335,-3.6587028
-39.51163345,-3.6585303
-39.5069164,-3.65795243
-39.50550858,-3.65757612
-39.50363192,-3.65786001
-39.50213047,-3.65786085
-39.49922005,-3.65541125
-39.49649764,-3.6535272
-39.48889606,-3.6525886
-39.48701925,-3.65258963
-39.48598721,-3.6529673
-39.483641,-3.65259146
-39.48345307,-3.65212017
-39.48316993,-3.64910341
-39.48401328,-3.64684027
-39.48429329,-3.64401177
-39.48335399,-3.64231526
-39.47913027,-3.64052623
-39.4763137,-3.63788793
-39.47481134,-3.63609743
-39.47218292,-3.63430753
-39.47021212,-3.63393144
-39.46790595,-3.63447944
-39.46675938,-3.63620929
-39.4664381,-3.63744619
-39.46585882,-3.63818604
-39.46488227,-3.63831135
-39.46044283,-3.63904424
-39.45754645,-3.63902903
-39.45332358,-3.63884261
-39.4474859,-3.63908372
-39.44478554,-3.64158097
-39.44309688,-3.64252459
-39.44121994,-3.64224268
-39.44030018,-3.64114514
-39.4354725,-3.634718
-39.43267588,-3.63253609
-39.42816071,-3.63004642
-39.42629292,-3.62848513
-39.42319567,-3.62726096
-39.42122436,-3.62575341
-39.41972173,-3.62311429
-39.4183136,-3.62188931
-39.40720243,-3.61362757
-39.40310569,-3.60803714
-39.4021672,-3.60775472
-39.39982144,-3.60813288
-39.39719385,-3.60775691
-39.3933467,-3.60813571
-39.38856249,-3.61162612
-39.38330938,-3.61587095
-39.38030641,-3.6154951
-39.37777263,-3.61511904
-39.37544223,-3.61293388
-39.3753311,-3.61087747
-39.37467323,-3.60842646
-39.3727948,-3.60427892
-39.37213668,-3.60116796
-39.37131434,-3.59960885
-39.37044633,-3.59796313
-39.36988316,-3.59758624
-39.36922638,-3.59777507
-39.36781914,-3.59852988
-39.36575516,-3.59956779
-39.36462931,-3.60003964
-39.36378459,-3.59956858
-39.36247062,-3.59890915
-39.35731017,-3.60032539
-39.35505882,-3.60221188
-39.34736885,-3.60731011
-39.34267649,-3.61324742
-39.34126973,-3.6154164
-39.33676765,-3.62126346
-39.33226493,-3.62550774
-39.32916861,-3.62654596
-39.32569624,-3.62569869
-39.32274243,-3.62391952
-39.31987667,-3.62136388
-39.31585916,-3.61652518
-39.31424385,-3.61420055
-39.31386678,-3.60920381
-39.31433426,-3.60420679
-39.31517763,-3.6008124
-39.31647896,-3.597511
-39.31808464,-3.59524884
-39.31902203,-3.59242009
-39.31592097,-3.57941047
-39.31422998,-3.57365994
-39.31357218,-3.57083175
-39.310024,-3.566282
-39.30617111,-3.56348349
-39.30477749,-3.56241344
-39.30477706,-3.56109589
-39.30780843,-3.55804803
-39.30797177,-3.55631869
-39.30993813,-3.55458874
-39.30772364,-3.54948396
-39.30772225,-3.54528425
-39.30788189,-3.53235569
-39.30730589,-3.52527403
-39.30656826,-3.52510958
-39.30607667,-3.52552148
-39.30558544,-3.52700389
-39.30370115,-3.52898084
-39.30189852,-3.53005194
-39.29583456,-3.53194789
-39.29435914,-3.53112488
-39.28394782,-3.52058767
-39.28378264,-3.51638801
-39.28336414,-3.51521589
-39.28148627,-3.51070673
-39.2814841,-3.50346016
-39.28033588,-3.50041365
-39.27877837,-3.49893186
-39.27500829,-3.49778012
-39.27221367,-3.49629497
-39.2690492,-3.49400691
-39.26529521,-3.49070814
-39.26318287,-3.48623038
-39.26224266,-3.47915956
-39.25966118,-3.47444622
-39.25731441,-3.47020421
-39.25614078,-3.46714039
-39.25613881,-3.4598336
-39.25613383,-3.44121305
-39.25472326,-3.42895686
-39.25378208,-3.41764335
-39.24861772,-3.40090976
-39.24580218,-3.39690353
-39.24251781,-3.39384021
-39.23806138,-3.39336992
-39.2318931,-3.394148
-39.21325491,-3.40239451
-39.19750773,-3.41326639
-39.19162599,-3.41412226
-39.18790631,-3.41288989
-39.17544078,-3.40658282
-39.17033739,-3.40134166
-39.16734807,-3.39824367
-39.16411815,-3.39436798
-39.1642969,-3.3904917
-39.1651936,-3.38868863
-39.16582103,-3.38702103
-39.16699273,-3.38112821
-39.16722667,-3.3775926
-39.16816402,-3.37287834
-39.16769437,-3.36957855
-39.16707378,-3.36795487
-39.16558727,-3.36685978
-39.16213998,-3.36579222
-39.15953851,-3.36453061
-39.15737361,-3.36274484
-39.15461574,-3.35916398
-39.15179396,-3.3556044
-39.14368903,-3.34540421
-39.14228711,-3.34624286
-39.14182393,-3.34659323
-39.1399356,-3.34706153
-39.13596703,-3.34606938
-39.1351884,-3.34635567
-39.13437212,-3.34650172
-39.13354302,-3.3465031
-39.13298045,-3.34642031
-39.12934431,-3.34478335
-39.12733189,-3.34479277
-39.12471899,-3.34534564
-39.12224132,-3.34634609
-39.1213953,-3.34681145
-39.1154214,-3.34736006
-39.11344625,-3.3488395
-39.11156956,-3.35316068
-39.11064676,-3.35669371
-39.10975296,-3.35847626
-39.10882834,-3.36024285
-39.10787317,-3.36199296
-39.10688776,-3.36372605
-39.1058724,-3.36544159
-39.10482739,-3.36713905
-39.10426513,-3.36802575
-39.1040891,-3.36952741
-39.10211488,-3.37122123
-39.09224559,-3.38673503
-39.08870977,-3.39041815
-39.08648337,-3.39359216
-39.08414541,-3.3957777
-39.0813468,-3.39726089
-39.07779232,-3.4007472
-39.0736894,-3.40356025
-39.07014189,-3.40524952
-39.06812499,-3.40386148
-39.06720645,-3.4035774
-39.06625277,-3.40345793
-39.06529295,-3.4035067
-39.06476416,-3.40360703
-39.06103177,-3.40680514
-39.0594753,-3.4078424
-39.05073367,-3.41194587
-39.04571819,-3.41282576
-39.04062686,-3.41281704
-39.04042123,-3.41279787
-39.03903429,-3.41265321
-39.03769342,-3.41226871
-39.03683153,-3.41187736
-39.03544445,-3.41036633
-39.03433954,-3.40863621
-39.03402899,-3.40799519
-39.03092028,-3.40617164
-39.02711879,-3.40491845
-39.02345732,-3.40584336
-39.01859635,-3.40520194
-39.01699899,-3.40420206
-39.01551819,-3.40108612
-39.01459271,-3.40028262
-39.01140106,-3.39937655
-39.00850677,-3.39798215
-39.0070741,-3.39831129
-39.00560633,-3.39838542
-39.00439904,-3.39825247
-39.00298207,-3.39786067
-39.00165433,-3.39722755
-39.00065359,-3.39653599
-38.99494879,-3.39769739
-38.99374151,-3.3981294
-38.99160575,-3.39923549
-38.98742909,-3.40197796
-38.9824107,-3.40473659
-38.97945696,-3.40664667
-38.97942896,-3.40666678
-38.97828466,-3.40750412
-38.97715508,-3.40836141
-38.97604055,-3.40923838
-38.97494143,-3.41013475
-38.97385803,-3.41105027
-38.9727907,-3.41198465
-38.97173976,-3.4129376
-38.97070552,-3.41390884
-38.96697283,-3.4179655
-38.96129888,-3.42524724
-38.95650031,-3.43063782
-38.95589689,-3.43153624
-38.95459728,-3.4341701
-38.95353589,-3.43558093
-38.9468716,-3.4424027
-38.9418864,-3.44679884
-38.93975315,-3.44927771
-38.93951145,-3.44963605
-38.93918138,-3.45014156
-38.93886014,-3.45065278
-38.93854783,-3.45116956
-38.93824454,-3.45169173
-38.93795037,-3.45221914
-38.93766539,-3.45275164
-38.93738971,-3.45328905
-38.93712341,-3.45383121
-38.93561924,-3.45715212
