-39.72939647,-4.1043248
-39.73111263,-4.1060995
-39.73188489,-4.1062777
-39.7330141,-4.10711157
-39.73408364,-4.10764732
-39.73550927,-4.10788455
-39.73651921,-4.1081818
-39.73737406,-4.10842486
-39.73798827,-4.10844461
-39.73978518,-4.10899111
-39.74044089,-4.11014617
-39.74106057,-4.11131906
-39.74183557,-4.11351043
-39.74317925,-4.11590682
-39.74409066,-4.11805241
-39.74563838,-4.11969511
-39.74748127,-4.12078955
-39.74836951,-4.12240998
-39.74893918,-4.12377951
-39.74918882,-4.1286253
-39.7496643,-4.12898267
-39.75055582,-4.12963783
-39.75204139,-4.13041169
-39.75335659,-4.13053444
-39.75497174,-4.13119522
-39.75601812,-4.13155965
-39.75631924,-4.1320178
-39.75620102,-4.13261428
-39.75537227,-4.13553725
-39.75489887,-4.13738643
-39.75448475,-4.13911628
-39.75466389,-4.14012993
-39.75537815,-4.14173943
-39.75591457,-4.14370691
-39.75627195,-4.14478003
-39.75710484,-4.1462105
-39.75698718,-4.14740334
-39.75692904,-4.1487154
-39.75699116,-4.15157788
-39.75711296,-4.15473849
-39.75788732,-4.15706356
-39.75836322,-4.15783837
-39.75978883,-4.15795627
-39.76129391,-4.1576994
-39.76277223,-4.15785793
-39.7643869,-4.15790218
-39.76559228,-4.15801528
-39.76702488,-4.15789984
-39.76762878,-4.15771012
-39.76851954,-4.15753034
-39.76923303,-4.15830491
-39.76953076,-4.15907989
-39.77024426,-4.15985446
-39.77066061,-4.16045042
-39.77107748,-4.1615831
-39.77125647,-4.16241783
-39.77161343,-4.16301384
-39.77232693,-4.16378841
-39.77298133,-4.16486121
-39.77327953,-4.16611328
-39.77357779,-4.16742498
-39.77375773,-4.16921388
-39.77370032,-4.17124156
-39.77406537,-4.17300928
-39.7746453,-4.1738626
-39.77622724,-4.17458284
-39.77765965,-4.17423904
-39.7792966,-4.17373523
-39.78093313,-4.17277474
-39.78297944,-4.17229338
-39.78459339,-4.17151557
-39.78559306,-4.17046433
-39.78754761,-4.16911537
-39.78981996,-4.16714962
-39.78977446,-4.16712683
-39.79006941,-4.16637306
-39.790319,-4.16575633
-39.7912268,-4.16372333
-39.7922719,-4.16262637
-39.79338509,-4.16139235
-39.79331562,-4.16002241
-39.79367793,-4.15833242
-39.79433652,-4.15734998
-39.79538186,-4.15652701
-39.79631322,-4.15540732
-39.79756264,-4.15374305
-39.79820283,-4.15226055
-39.79880974,-4.14997069
-39.80025108,-4.14716862
-39.80101979,-4.14587927
-39.80151097,-4.1446252
-39.80435303,-4.14246118
-39.80492949,-4.14142973
-39.80605458,-4.13973466
-39.80789476,-4.13779212
-39.80858144,-4.13594959
-39.80870886,-4.13504747
-39.80934882,-4.13337168
-39.80960235,-4.13027886
-39.80902421,-4.12963516
-39.80793137,-4.12820212
-39.80716067,-4.12693107
-39.80722412,-4.12622229
-39.80883811,-4.12509596
-39.80936028,-4.12418214
-39.80924582,-4.12336025
-39.80910814,-4.12201322
-39.8095615,-4.12046013
-39.8092885,-4.12032339
-39.80951533,-4.11970668
-39.81021997,-4.11938636
-39.81181081,-4.11835738
-39.81472155,-4.11840032
-39.81769993,-4.11782669
-39.82099605,-4.11659059
-39.82304196,-4.11588082
-39.82688359,-4.11441585
-39.82804379,-4.11491708
-39.83006792,-4.11523481
-39.83338776,-4.1150718
-39.83534315,-4.11484158
-39.83666222,-4.11502298
-39.83886809,-4.11515785
-39.84082374,-4.11520162
-39.84177936,-4.11577152
-39.84218935,-4.11647894
-39.84244101,-4.11684016
-39.84303188,-4.11768828
-39.84382852,-4.11846382
-39.8451255,-4.11930738
-39.84680866,-4.11973956
-39.84717276,-4.1200132
-39.84744568,-4.1200586
-39.84831034,-4.12062858
-39.8492204,-4.12110718
-39.84967564,-4.12156339
-39.85058614,-4.12249865
-39.85145081,-4.12306863
-39.85217953,-4.12414106
-39.85258985,-4.12516814
-39.85252253,-4.12608152
-39.852364,-4.12674384
-39.85218291,-4.12758884
-39.85213787,-4.12804554
-39.85275277,-4.12898109
-39.85325365,-4.12959708
-39.8543466,-4.13105731
-39.85516648,-4.13231231
-39.85623659,-4.13365839
-39.85701144,-4.13537009
-39.85783143,-4.13673925
-39.85833262,-4.13765207
-39.85897043,-4.13874742
-39.85894769,-4.13874744
-39.85940288,-4.13913515
-39.86072163,-4.13895116
-39.86299482,-4.1381269
-39.86451804,-4.13776004
-39.86631553,-4.13665938
-39.86748638,-4.13573359
-39.8681137,-4.13531268
-39.86895064,-4.13522772
-39.87066733,-4.13594021
-39.87409134,-4.13747636
-39.877457,-4.13760993
-39.87850283,-4.13740336
-39.8797543,-4.13815557
-39.88020977,-4.13881725
-39.88084076,-4.13908064
-39.88167789,-4.13916375
-39.88280784,-4.13912047
-39.88351918,-4.1389936
-39.88527667,-4.1387395
-39.88845664,-4.13806358
-39.88900062,-4.13797892
-39.88933581,-4.13831472
-39.89017187,-4.14072492
-39.8906503,-4.14159207
-39.89144738,-4.14273288
-39.89174329,-4.14300656
-39.8921456,-4.14343829
-39.8929262,-4.14341632
-39.89463049,-4.14225007
-39.89653945,-4.1410836
-39.89813099,-4.14083078
-39.89825838,-4.14076162
-39.90001728,-4.13975566
-39.90219924,-4.13872589
-39.90404067,-4.13824446
-39.90674679,-4.1383101
-39.90946699,-4.13883811
-39.91080613,-4.13875253
-39.91181755,-4.13809922
-39.91356673,-4.13736261
-39.91432039,-4.1376559
-39.91616146,-4.13731759
-39.91704015,-4.13714848
-39.91942479,-4.13638932
-39.92016045,-4.1356472
-39.92145515,-4.13427586
-39.92310322,-4.13251901
-39.92498607,-4.13213861
-39.92645099,-4.13226297
-39.92875181,-4.13141983
-39.93134514,-4.13019815
-39.93339592,-4.13027978
-39.93591312,-4.13019598
-39.93759576,-4.13012564
-39.94096117,-4.13009911
-39.94248451,-4.12991478
-39.94350711,-4.12929717
-39.9460751,-4.12896207
-39.94674406,-4.12841499
-39.94793917,-4.12737435
-39.94896229,-4.12723622
-39.95103136,-4.1276427
-39.95180586,-4.12828335
-39.95378422,-4.12832681
-39.95612626,-4.12823287
-39.95812673,-4.12770548
-39.9593765,-4.12690495
-39.96071669,-4.12562483
-39.96214765,-4.12418479
-39.96307862,-4.12299646
-39.96505472,-4.12103066
-39.96634872,-4.11913412
-39.96871165,-4.11741903
-39.96955142,-4.11602531
-39.97050499,-4.11472279
-39.97032144,-4.11326174
-39.9709563,-4.11163993
-39.97054506,-4.10990514
-39.96995216,-4.10839888
-39.96973742,-4.10775442
-39.96986171,-4.10729226
-39.97011249,-4.10704023
-39.97072376,-4.10705091
-39.97161886,-4.10686991
-39.97254256,-4.1067977
-39.97274711,-4.10670613
-39.97352006,-4.10656827
-39.97445216,-4.10640738
-39.97567723,-4.10606654
-39.9768072,-4.10610718
-39.97906837,-4.10719696
-39.98049108,-4.10706914
-39.9818305,-4.1072776
-39.98442508,-4.10723238
-39.98660158,-4.10752383
-39.98810762,-4.10710175
-39.98870964,-4.10680205
-39.98914016,-4.10547729
-39.98993464,-4.1042891
-39.9899102,-4.10280504
-39.99065247,-4.10066935
-39.99102677,-4.09877793
-39.99156894,-4.09726449
-39.99131258,-4.09634193
-39.99062851,-4.09465314
-39.98934505,-4.09243481
-39.98917698,-4.09188874
-39.98910045,-4.09061361
-39.98962228,-4.0896084
-39.99022573,-4.08871484
-39.99088079,-4.08739521
-39.99170024,-4.08624023
-39.99293051,-4.08541444
-39.99466468,-4.08487634
-39.99591421,-4.08396162
-39.99702794,-4.08359501
-39.99845983,-4.08309105
-39.9996784,-4.0831339
-40.00631562,-4.08481487
-40.0126095,-4.08741135
-40.01548461,-4.0870941
-40.0185659,-4.08606689
-40.0207825,-4.0831142
-40.02404628,-4.08208718
-40.02651243,-4.08030318
-40.04221397,-4.07615231
-40.04472223,-4.07390486
-40.04758101,-4.07212891
-40.04945188,-4.07130399
-40.05303464,-4.07055217
-40.05669004,-4.0661578
-40.05509848,-4.06145948
-40.05660562,-4.06024704
-40.06023278,-4.06050327
-40.06137439,-4.05972568
-40.07011436,-4.05783431
-40.0720777,-4.05666819
-40.07399355,-4.05712858
-40.07554139,-4.06022312
-40.07722879,-4.06095815
-40.0810631,-4.05958796
-40.08222915,-4.05734417
-40.08684131,-4.05400464
-40.08816893,-4.05006574
-40.08885367,-4.0497687
-40.08949125,-4.05084616
-40.09186392,-4.05080302
-40.09850538,-4.0483821
-40.09941513,-4.05090314
-40.09975835,-4.04998715
-40.10276845,-4.05115888
-40.10669566,-4.04818505
-40.10897392,-4.04754068
-40.11110613,-4.04650882
-40.11297266,-4.04516799
-40.11582423,-4.04526277
-40.11858588,-4.04412035
-40.11977396,-4.0424722
-40.12548129,-4.03874426
-40.1274471,-4.03514969
-40.13233015,-4.03414699
-40.1339976,-4.03217863
-40.14036449,-4.03019241
-40.14079869,-4.0294827
-40.13993682,-4.02478545
-40.14107911,-4.02322887
-40.14386474,-4.02087225
-40.14979904,-4.01796917
-40.15462158,-4.00929187
-40.15923302,-4.00604371
-40.15941334,-4.00528624
-40.15972189,-4.00457173
-40.16014931,-4.00392187
-40.1606826,-4.00335642
-40.16130556,-4.00289257
-40.16199926,-4.00254439
-40.16206539,-4.00251876
-40.16247822,-4.00041159
-40.1629481,-3.99995702
-40.16501511,-3.99800578
-40.1671359,-3.99504796
-40.16848787,-3.99135143
-40.1748462,-3.98016637
-40.1793073,-3.97525954
-40.1816342,-3.97216608
-40.18246552,-3.96803044
-40.18368612,-3.96646129
-40.18579578,-3.96485368
-40.18826313,-3.96409582
-40.18909241,-3.96300407
-40.18915346,-3.96110499
-40.19041625,-3.95994815
-40.19035684,-3.9588491
-40.18866796,-3.95636347
-40.18618379,-3.95359666
-40.18086585,-3.94902135
-40.17886136,-3.9489133
-40.1763382,-3.94813726
-40.17523323,-3.94670918
-40.17354986,-3.94487585
-40.17247307,-3.94426044
-40.17107246,-3.94276126
-40.1716117,-3.94091188
-40.17088845,-3.93928948
-40.17042647,-3.93815569
-40.16890295,-3.93775405
-40.16828884,-3.93761166
-40.16660862,-3.93686542
-40.16525173,-3.93559545
-40.16372023,-3.93338567
-40.16428322,-3.93142205
-40.16477522,-3.92977826
-40.16396597,-3.92842126
-40.16244435,-3.92779074
-40.16188725,-3.92625272
-40.16048706,-3.92470773
-40.15879938,-3.92487688
-40.15623812,-3.9224095
-40.15481106,-3.9200714
-40.15267093,-3.91688926
-40.15085558,-3.91455169
-40.14934133,-3.91390445
-40.14696082,-3.91241997
-40.14600847,-3.90907057
-40.14682516,-3.90674287
-40.15006477,-3.90415243
-40.14993427,-3.90337259
-40.14954885,-3.90250846
-40.14793896,-3.90153387
-40.14678742,-3.90024266
-40.14564435,-3.89792159
-40.1437439,-3.89625797
-40.14151087,-3.89603884
-40.1382759,-3.89675826
-40.13736661,-3.8943544
-40.13684459,-3.89116999
-40.13496367,-3.88811741
-40.13436365,-3.88421016
-40.13666932,-3.88093358
-40.13941475,-3.87732099
-40.1397372,-3.87647553
-40.13811258,-3.87147253
-40.13517608,-3.86304634
-40.13647943,-3.86003429
-40.13589431,-3.85801999
-40.13452863,-3.85590018
-40.13192609,-3.85649648
-40.12978867,-3.85595228
-40.12816443,-3.85397046
-40.12811572,-3.85158979
-40.12756293,-3.84954822
-40.12630241,-3.84743734
-40.12589597,-3.83359229
-40.12479192,-3.83060362
-40.12394267,-3.82449447
-40.12092331,-3.82031166
-40.12008575,-3.81689447
-40.12005534,-3.81506323
-40.12088604,-3.81286296
-40.12036396,-3.80948348
-40.12130146,-3.80765817
-40.12301836,-3.80668836
-40.12488319,-3.8071159
-40.12689229,-3.80662916
-40.12776658,-3.80560653
-40.13052355,-3.80560665
-40.13202857,-3.80545899
-40.13331597,-3.80407361
-40.13328535,-3.80226527
-40.13158543,-3.79842893
-40.13076813,-3.792563
-40.12930195,-3.78801909
-40.1246348,-3.7820752
-40.12368761,-3.77743271
-40.12316123,-3.76238387
-40.12310693,-3.76196434
-40.12444263,-3.73309341
-40.12338222,-3.73025092
-40.12310274,-3.72747902
-40.12420465,-3.72595287
-40.12641109,-3.72497976
-40.12834087,-3.72345254
-40.12847638,-3.72151179
-40.12792023,-3.71818581
-40.12722875,-3.71693918
-40.12460383,-3.7143089
-40.11898939,-3.71151511
-40.11729398,-3.71021111
-40.11531541,-3.70512818
-40.11243737,-3.70067207
-40.11190938,-3.69608182
-40.11203368,-3.69345437
-40.11200549,-3.6934125
-40.11194754,-3.69283766
-40.1115172,-3.69191833
-40.111355,-3.69121569
-40.11212933,-3.685775
-40.11349986,-3.68260517
-40.11254367,-3.67705839
-40.11271181,-3.67328338
-40.11366772,-3.67065937
-40.11361215,-3.66912545
-40.11167235,-3.6667975
-40.1121252,-3.66439814
-40.11182173,-3.6625417
-40.10971594,-3.65826692
-40.11034766,-3.65081094
-40.11105911,-3.64745248
-40.11168274,-3.6464278
-40.11300967,-3.64575235
-40.11583926,-3.64518109
-40.11752428,-3.64254034
-40.11808064,-3.63865417
-40.11651187,-3.63555116
-40.10898056,-3.63173419
-40.10583894,-3.62875522
-40.10417367,-3.62670411
-40.09878454,-3.62267206
-40.09633534,-3.62107636
-40.0938719,-3.61615691
-40.0938812,-3.61600788
-40.09387572,-3.61143183
-40.09364816,-3.6048117
-40.09814092,-3.59653078
-40.10033203,-3.59211454
-40.10120702,-3.58913431
-40.10227839,-3.58062063
-40.10152249,-3.57743791
-40.10141017,-3.57534159
-40.10261566,-3.57324368
-40.10458999,-3.57125518
-40.10678277,-3.56827336
-40.10743612,-3.56363831
-40.10797913,-3.55856203
-40.10940422,-3.55646386
-40.11104973,-3.55502746
-40.11181553,-3.55259907
-40.11126434,-3.5508343
-40.10884632,-3.54907178
-40.10609507,-3.5441098
-40.10587243,-3.54157226
-40.10564639,-3.53616588
-40.108229,-3.53346652
-40.11036414,-3.53262936
-40.11233695,-3.52942715
-40.11299293,-3.52699889
-40.11343034,-3.52545361
-40.11496546,-3.523576
-40.11782002,-3.5231312
-40.11946625,-3.52235684
-40.12078293,-3.52147254
-40.12253884,-3.52058771
-40.12440177,-3.51738562
-40.12747022,-3.51219597
-40.12900437,-3.50954597
-40.12987966,-3.50689678
-40.12954732,-3.50446973
-40.12877628,-3.50248456
-40.1272362,-3.5001693
-40.12536605,-3.49730274
-40.12426324,-3.49333186
-40.12612497,-3.48913673
-40.12798734,-3.48549331
-40.13072919,-3.48273153
-40.13182514,-3.48096479
-40.13094551,-3.4799728
-40.12918548,-3.47732678
-40.12841029,-3.47181076
-40.12994335,-3.46827807
-40.13257471,-3.46496475
-40.13575743,-3.46363686
-40.13850159,-3.46286118
-40.14552526,-3.45976321
-40.14826859,-3.45832548
-40.15265721,-3.45545134
-40.15759373,-3.45169382
-40.15989634,-3.4490429
-40.16000387,-3.44716702
-40.15912319,-3.44529235
-40.15595848,-3.44239181
-40.15142869,-3.43824008
-40.15076725,-3.43603411
-40.14943845,-3.42665696
-40.148116,-3.42257604
-40.1461357,-3.41926826
-40.14283837,-3.41640341
-40.14020115,-3.41464113
-40.13414923,-3.40350409
-40.13249998,-3.3996269
-40.13249405,-3.39644434
-40.13314729,-3.391699
-40.13270503,-3.38905138
-40.13193441,-3.38728686
-40.13017335,-3.38353739
-40.1258831,-3.37637035
-40.12423138,-3.37217937
-40.12291069,-3.36942241
-40.12181125,-3.36809961
-40.12093278,-3.36799029
-40.11379573,-3.36755715
-40.10797619,-3.36712245
-40.1038162,-3.36685337
-40.09930139,-3.36613925
-40.09501575,-3.36283388
-40.09325709,-3.36107041
-40.09257213,-3.35838017
-40.09116883,-3.35521032
-40.08940577,-3.35335088
-40.08512192,-3.3515902
-40.07501759,-3.34503528
-40.07039796,-3.34079302
-40.06907724,-3.33781524
-40.06874131,-3.33174682
-40.0637941,-3.32557306
-40.05752513,-3.31531803
-40.05499506,-3.31068637
-40.05235536,-3.30616516
-40.05169059,-3.30042807
-40.05157883,-3.29855237
-40.05113828,-3.29722873
-40.04718166,-3.29315025
-40.04469436,-3.28970215
-40.04377274,-3.2878574
-40.04265866,-3.28539221
-40.03938808,-3.27465762
-40.03796283,-3.26997961
-40.03386858,-3.26513712
-40.03046188,-3.26183034
-40.02518675,-3.25642893
-40.02452637,-3.25477446
-40.02419479,-3.25256793
-40.02474249,-3.2513536
-40.02671591,-3.24870335
-40.03220126,-3.24494607
-40.03790713,-3.24218163
-40.05678353,-3.23631388
-40.06260122,-3.23564572
-40.06644215,-3.23431757
-40.06885581,-3.23288058
-40.07104829,-3.22989903
-40.07334787,-3.22437952
-40.07607533,-3.20815642
-40.07954436,-3.20281421
-40.07935029,-3.19060866
-40.07622655,-3.18689028
-40.07225759,-3.17959434
-40.07362508,-3.17428411
-40.07395235,-3.17229762
-40.07471848,-3.17008999
-40.07668927,-3.16512256
-40.07844107,-3.16070707
-40.07975309,-3.15562999
-40.08288464,-3.14742621
-40.08583976,-3.13529188
-40.08583668,-3.13230879
-40.0870092,-3.1181876
-40.08778852,-3.10645329
-40.08738695,-3.10068639
-40.08441558,-3.09691086
-40.08104997,-3.09452784
-40.07748514,-3.09075288
-40.0766892,-3.0861796
-40.07787179,-3.08180318
-40.08004354,-3.07742575
-40.08280635,-3.07066125
-40.0804272,-3.06549295
-40.08042063,-3.05893013
-40.08239511,-3.05514954
-40.0859536,-3.05275945
-40.08852253,-3.04997262
-40.09029916,-3.04619223
-40.09028997,-3.03704408
-40.09047982,-3.02908897
-40.08729648,-3.01079585
-40.08769758,-3.00699655
-40.09626087,-2.98867579
-40.09720869,-2.9771017
-40.0928848,-2.96987279
-40.09090006,-2.9582489
-40.08955706,-2.94256544
-40.08619584,-2.9327789
-40.0822389,-2.92622033
-40.07890947,-2.91554451
-40.07624618,-2.90720405
-40.07159333,-2.9008678
-40.06860075,-2.89519738
-40.06958837,-2.88651969
-40.07223743,-2.87984276
-40.07654884,-2.87616775
-40.08384833,-2.87349104
-40.0918119,-2.87114739
-40.09811303,-2.86580183
-40.10093224,-2.86040214
-40.10667949,-2.85219895
-40.10810857,-2.84207108
-40.11125805,-2.83304951
-40.11219172,-2.83037502
-40.11060603,-2.8293998
-40.10902748,-2.82901083
-40.10595848,-2.82891331
-40.10509191,-2.82906603
-40.10502752,-2.82911788
-40.10497306,-2.82918019
-40.10493018,-2.82925106
-40.1049002,-2.82932834
-40.10488402,-2.82940968
-40.10488213,-2.82949261
-40.10489459,-2.82957461
-40.10492103,-2.82965319
-40.10496063,-2.82972595
-40.1050122,-2.8297907
-40.10507417,-2.82984546
-40.10514465,-2.82988857
-40.10522151,-2.82991872
-40.10522922,-2.82992092
-40.10557899,-2.82997388
-40.10657556,-2.82965686
-40.10661002,-2.82964805
-40.10664547,-2.8296454
-40.10668085,-2.82964898
-40.10671507,-2.82965869
-40.10674709,-2.82967422
-40.10677594,-2.8296951
-40.10680075,-2.8297207
-40.10682076,-2.82975025
-40.10683536,-2.82978285
-40.10684412,-2.82981749
-40.10684675,-2.82985314
-40.10684319,-2.82988871
-40.10683354,-2.82992312
-40.10683352,-2.82992318
-40.10623704,-2.83027209
-40.10611101,-2.8303458
-40.10491835,-2.83037656
-40.10479517,-2.83037974
-40.10406172,-2.83119255
-40.10395348,-2.8313125
-40.1037502,-2.8309993
-40.10373946,-2.83095206
-40.10344008,-2.82963453
-40.10336599,-2.8293085
-40.10294002,-2.82899965
-40.09878272,-2.82889684
-40.098582,-2.82893151
-40.09838191,-2.82896969
-40.09837004,-2.82897207
-40.09817592,-2.82901282
-40.09688488,-2.82949599
-40.0956969,-2.83019724
-40.09464807,-2.83109525
-40.09433524,-2.83143352
-40.0943022,-2.83199736
-40.09436704,-2.83255841
-40.09448328,-2.83297991
-40.09491212,-2.83407238
-40.09498914,-2.8342227
-40.09504089,-2.83431876
-40.09492627,-2.83509618
-40.09488447,-2.83537968
-40.09487553,-2.83544033
-40.09454161,-2.83478481
-40.09445791,-2.83443982
-40.09349491,-2.83047008
-40.09340301,-2.83031079
-40.09329808,-2.83012889
-40.09324464,-2.83003625
-40.09298347,-2.83005401
-40.09219948,-2.83010731
-40.09200461,-2.83012056
-40.09196593,-2.83016542
-40.09192648,-2.8302096
-40.0919254,-2.83021079
-40.09149099,-2.83061179
-40.09099393,-2.83093085
-40.09044933,-2.83115828
-40.09037961,-2.83117962
-40.09037961,-2.83117962
-40.09004314,-2.83125872
-40.08969811,-2.83127787
-40.08950112,-2.83126159
-40.08929953,-2.83125641
-40.08767403,-2.8312146
-40.087622,-2.83119214
-40.08757465,-2.83116093
-40.0875334,-2.83112193
-40.08749951,-2.83107632
-40.08747401,-2.83102549
-40.08745768,-2.83097097
-40.08745101,-2.83091444
-40.08745421,-2.8308576
-40.08746718,-2.83080218
-40.08748952,-2.83074986
-40.08752055,-2.83070224
-40.08755934,-2.83066077
-40.0876047,-2.83062669
-40.08765526,-2.83060106
-40.08770947,-2.83058464
-40.08773595,-2.83058023
-40.09214259,-2.82930882
-40.09396439,-2.82926346
-40.09575068,-2.8289007
-40.09643735,-2.82867099
-40.09680813,-2.82854648
-40.09715177,-2.82835912
-40.09745784,-2.82811461
-40.09753394,-2.82803851
-40.09788616,-2.82700653
-40.09910371,-2.82664904
-40.10029956,-2.82629792
-40.10361859,-2.8267276
-40.10413679,-2.82662377
-40.10588263,-2.82581338
-40.10784237,-2.8257233
-40.10874635,-2.82587998
-40.10945766,-2.82631451
-40.1102332,-2.82661824
-40.11059814,-2.82670989
-40.11077343,-2.82652273
-40.11050857,-2.82584877
-40.11064809,-2.82577724
-40.11195505,-2.82600331
-40.11270302,-2.82538161
-40.10911671,-2.82423338
-40.10809258,-2.82410244
-40.09695992,-2.82598703
-40.09224149,-2.82772988
-40.08538962,-2.82983615
-40.08029799,-2.83206736
-40.07911711,-2.83258484
-40.0773748,-2.83359126
-40.07667523,-2.83412239
-40.07645957,-2.83422834
-40.07626548,-2.83437033
-40.07609887,-2.83454405
-40.07596479,-2.83474422
-40.07586731,-2.83496477
-40.07582839,-2.83510102
-40.07710185,-2.83605546
-40.07727717,-2.83657906
-40.07577128,-2.83935162
-40.07583705,-2.84116339
-40.07552728,-2.84229588
-40.07537577,-2.84232082
-40.07541716,-2.84214069
-40.07542681,-2.84195607
-40.07540443,-2.84177256
-40.07535071,-2.84159576
-40.07526726,-2.84143102
-40.0751769,-2.84130667
-40.07513918,-2.84126276
-40.07509445,-2.84122611
-40.07504406,-2.84119783
-40.07498956,-2.84117877
-40.0749326,-2.84116951
-40.0748749,-2.84117034
-40.07481822,-2.84118124
-40.07476429,-2.84120186
-40.07471473,-2.84123159
-40.07467107,-2.84126952
-40.07463461,-2.8413145
-40.07461782,-2.84134218
-40.07469296,-2.84223238
-40.07474333,-2.84282917
-40.07475786,-2.84300136
-40.0746572,-2.84326409
-40.0745606,-2.84351618
-40.07453324,-2.84349019
-40.07450634,-2.84346372
-40.0744799,-2.84343678
-40.07445393,-2.84340939
-40.07442844,-2.84338154
-40.07440344,-2.84335324
-40.07437893,-2.84332452
-40.07435493,-2.84329537
-40.07433143,-2.8432658
-40.07432335,-2.84325537
-40.07411985,-2.84293754
-40.07407784,-2.84285291
-40.07394758,-2.84249833
-40.07388053,-2.84212639
-40.07387873,-2.8417484
-40.07394224,-2.84137584
-40.07395611,-2.8413253
-40.07409697,-2.84104186
-40.07411753,-2.8410005
-40.07412803,-2.84097936
-40.07449457,-2.83986063
-40.07399997,-2.83930726
-40.07398253,-2.83930314
-40.07390719,-2.83923433
-40.07319331,-2.83858221
-40.07243394,-2.83853085
-40.07213261,-2.83861047
-40.07073256,-2.83898039
-40.0706135,-2.83893901
-40.06953972,-2.83856586
-40.06939519,-2.83851563
-40.0693223,-2.8384903
-40.06889077,-2.83848909
-40.06856556,-2.83867138
-40.06748668,-2.83927613
-40.06631594,-2.84037722
-40.06575922,-2.84062351
-40.06561273,-2.84044
-40.06566186,-2.83924169
-40.06519655,-2.83846306
-40.06466438,-2.83829456
-40.0641112,-2.83822154
-40.06355381,-2.83824622
-40.0633551,-2.83827902
-40.06160166,-2.83713012
-40.06148749,-2.83706947
-40.06136459,-2.83702968
-40.06123667,-2.83701195
-40.06110764,-2.83701683
-40.06098142,-2.83704416
-40.06086183,-2.83709311
-40.06083652,-2.83710679
-40.06016692,-2.83789966
-40.05918965,-2.84029608
-40.05808325,-2.84251917
-40.05785263,-2.8435243
-40.05768062,-2.84584076
-40.05781624,-2.84722298
-40.05755945,-2.84778492
-40.05720514,-2.84804302
-40.05693363,-2.84883871
-40.0568057,-2.84921361
-40.05663841,-2.84897552
-40.05651477,-2.84871183
-40.05643856,-2.84843057
-40.05641207,-2.84814027
-40.05643612,-2.84784975
-40.05644248,-2.84781481
-40.05651678,-2.84717548
-40.0566875,-2.84484997
-40.05423526,-2.8433283
-40.05403331,-2.84317462
-40.05335765,-2.84301986
-40.05326347,-2.84306235
-40.05317805,-2.84312063
-40.053104,-2.84319294
-40.05304357,-2.84327708
-40.05299858,-2.8433705
-40.05297041,-2.84347035
-40.0529601,-2.84356465
-40.05300116,-2.84517253
-40.05286415,-2.84569496
-40.05255001,-2.84593533
-40.05219912,-2.8461172
-40.05182217,-2.84623504
-40.05143058,-2.84628527
-40.05103627,-2.84626637
-40.0508158,-2.84622501
-40.0492512,-2.84495955
-40.04826431,-2.84372149
-40.04719817,-2.84272925
-40.04648269,-2.84065361
-40.04615666,-2.83873157
-40.04615676,-2.83868526
-40.04614886,-2.83863963
-40.04613319,-2.83859607
-40.04611024,-2.83855591
-40.04608071,-2.83852036
-40.04604549,-2.83849052
-40.04600564,-2.83846727
-40.04596239,-2.83845134
-40.04591704,-2.8384432
-40.04587098,-2.8384431
-40.0458415,-2.83844733
-40.04517777,-2.83888902
-40.04444784,-2.83920811
-40.0436739,-2.83939491
-40.0429178,-2.83944459
-40.04109963,-2.83880774
-40.04086641,-2.83872993
-40.04062329,-2.83869402
-40.04037766,-2.83870111
-40.04013699,-2.83875097
-40.0399496,-2.83882224
-40.0383102,-2.83982513
-40.0370101,-2.84015748
-40.03659622,-2.84013181
-40.03575388,-2.83954152
-40.0352186,-2.83953637
-40.03436998,-2.8400056
-40.03250526,-2.84163351
-40.03128078,-2.8421649
-40.02890411,-2.84209638
-40.02729306,-2.84161654
-40.0256182,-2.84135463
-40.02504802,-2.84136761
-40.02448876,-2.84147995
-40.02395739,-2.84168824
-40.0237354,-2.84180948
-40.02364079,-2.84197377
-40.02351923,-2.84211905
-40.02337443,-2.84224089
-40.02321079,-2.84233561
-40.02303328,-2.84240031
-40.02284729,-2.84243304
-40.02265847,-2.84243279
-40.02247257,-2.84239958
-40.0223801,-2.84237002
-40.02222172,-2.84229284
-40.02205242,-2.8422445
-40.02187734,-2.84222644
-40.0217018,-2.84223924
-40.02153114,-2.84228248
-40.02137054,-2.84235487
-40.02122488,-2.84245419
-40.02109859,-2.84257744
-40.0209955,-2.84272087
-40.02091875,-2.84288012
-40.02087066,-2.84305035
-40.02085271,-2.84322639
-40.02086543,-2.84340289
-40.02090437,-2.84356248
-40.02113326,-2.84503393
-40.02138228,-2.84643173
-40.0210697,-2.84729382
-40.02061299,-2.84808823
-40.02002601,-2.84879082
-40.01993197,-2.84888294
-40.01892357,-2.84939835
-40.01611327,-2.84992511
-40.01567359,-2.85014527
-40.01408577,-2.85199742
-40.01352174,-2.85334307
-40.01306182,-2.85405809
-40.01228409,-2.85454546
-40.01218011,-2.85454904
-40.01207708,-2.85453441
-40.01197814,-2.85450202
-40.01188631,-2.85445285
-40.01180436,-2.85438838
-40.01173478,-2.85431059
-40.0116797,-2.85422183
-40.01166183,-2.85418316
-40.01046803,-2.85244485
-40.01030495,-2.8523699
-40.0101314,-2.85232457
-40.00995266,-2.85231023
-40.00977416,-2.85232731
-40.00960132,-2.8523753
-40.00943939,-2.85245274
-40.00929511,-2.85255572
-40.00926553,-2.85263791
-40.00925059,-2.85272402
-40.00925075,-2.85281143
-40.00926601,-2.85289748
-40.00929589,-2.85297956
-40.0093395,-2.85305518
-40.0093955,-2.85312203
-40.0094622,-2.85317809
-40.00947894,-2.85318933
-40.01039377,-2.85418705
-40.01064655,-2.85487406
-40.01057511,-2.85556137
-40.01014291,-2.85658989
-40.01045366,-2.85700512
-40.0107903,-2.85762782
-40.01104321,-2.85800565
-40.01122702,-2.85842189
-40.01133616,-2.85886391
-40.0113673,-2.85931827
-40.01133876,-2.85965915
-40.01113999,-2.86000196
-40.01088504,-2.86030486
-40.01058165,-2.86055864
-40.01023904,-2.86075559
-40.00986762,-2.86088973
-40.00961109,-2.86094195
-40.00918413,-2.86091645
-40.00854267,-2.86053191
-40.00773867,-2.86042528
-40.00742016,-2.86072571
-40.00706534,-2.86160367
-40.00702704,-2.86163082
-40.00687944,-2.86173548
-40.00679832,-2.86172349
-40.0067205,-2.86169751
-40.00664835,-2.86165835
-40.00658405,-2.86160718
-40.00652958,-2.86154557
-40.00648657,-2.86147537
-40.00645633,-2.86139874
-40.00643979,-2.86131799
-40.00643745,-2.86123558
-40.00644937,-2.86115401
-40.0064752,-2.86107577
-40.00649366,-2.86103761
-40.00657002,-2.86061678
-40.00669255,-2.86027128
-40.00689824,-2.85989682
-40.00716547,-2.85956397
-40.00748612,-2.85928282
-40.00748679,-2.85928233
-40.00790593,-2.85920764
-40.00808464,-2.85937723
-40.00828992,-2.85951305
-40.00851554,-2.85961096
-40.00875464,-2.85966799
-40.00899996,-2.85968241
-40.00924404,-2.85965377
-40.00947947,-2.85958296
-40.00965398,-2.85949893
-40.00979219,-2.85943148
-40.00991665,-2.85934092
-40.01002358,-2.85923001
-40.01010973,-2.85910211
-40.01014504,-2.85903104
-40.01017941,-2.85891835
-40.0101938,-2.85880138
-40.01018777,-2.85868368
-40.01016151,-2.85856881
-40.0101158,-2.85846028
-40.01005205,-2.85836137
-40.00997218,-2.8582751
-40.00991154,-2.85822619
-40.00975159,-2.85803515
-40.00956107,-2.85787495
-40.00934579,-2.85775044
-40.00911227,-2.85766541
-40.00886762,-2.85762245
-40.00861926,-2.85762285
-40.00854265,-2.85763182
-40.00828419,-2.85731528
-40.00824708,-2.85720688
-40.00822926,-2.85709364
-40.00823126,-2.85697901
-40.00825303,-2.85686648
-40.00829391,-2.85675945
-40.00835264,-2.85666119
-40.0083764,-2.85663029
-40.00933202,-2.85534543
-40.00956576,-2.85483883
-40.00933118,-2.85438692
-40.00869906,-2.85388496
-40.00862022,-2.8538088
-40.00855573,-2.85372004
-40.00850755,-2.85362137
-40.00847714,-2.85351578
-40.00846543,-2.85340649
-40.00847278,-2.85329682
-40.00848156,-2.85325122
-40.0084482,-2.8529333
-40.00847026,-2.85261439
-40.00854705,-2.85230417
-40.00867626,-2.85201208
-40.00885394,-2.85174698
-40.00907471,-2.85151693
-40.00933186,-2.85132893
-40.00961757,-2.85118867
-40.00974234,-2.8511456
-40.00991998,-2.85115889
-40.01009262,-2.85120299
-40.01025503,-2.85127657
-40.01040226,-2.85137739
-40.01052985,-2.85150238
-40.01058126,-2.85156753
-40.01197239,-2.85307121
-40.01213786,-2.85305767
-40.01229847,-2.85301544
-40.01244936,-2.85294581
-40.01258592,-2.85285089
-40.01270402,-2.85273357
-40.01280006,-2.85259741
-40.01287113,-2.85244656
-40.01291375,-2.85229272
-40.01303915,-2.85210209
-40.01312973,-2.85189246
-40.01318272,-2.85167019
-40.01319653,-2.85144206
-40.01317072,-2.85121497
-40.01312526,-2.85104794
-40.01204534,-2.84892891
-40.01172877,-2.84745679
-40.01156536,-2.84727296
-40.01150469,-2.84721888
-40.01148572,-2.84720321
-40.0114849,-2.84720255
-40.01128129,-2.84706516
-40.01105704,-2.84696541
-40.01081897,-2.84690633
-40.01081183,-2.84690523
-40.01015512,-2.84682552
-40.00697916,-2.84644003
-40.00688056,-2.84642806
-40.00650203,-2.84681015
-40.00648636,-2.84686471
-40.00621627,-2.84780526
-40.00600352,-2.84854611
-40.00598961,-2.84859455
-40.00536525,-2.8495437
-40.0047059,-2.84988461
-40.00156487,-2.85086124
-40.00140813,-2.85095212
-40.00123642,-2.85105167
-40.0008878,-2.85125378
-40.00082718,-2.85130385
-40.00077613,-2.85136374
-40.00073621,-2.85143162
-40.00070861,-2.85150545
-40.00069418,-2.85158298
-40.00069336,-2.85166185
-40.00070617,-2.85173966
-40.00073223,-2.85181405
-40.00077074,-2.85188277
-40.00078565,-2.85190339
-40.00314176,-2.85406557
-40.00382253,-2.85448301
-40.00386867,-2.8545113
-40.00391287,-2.85454179
-40.00395114,-2.85457953
-40.00398231,-2.85462338
-40.00400543,-2.85467201
-40.0040198,-2.85472393
-40.00402498,-2.85477757
-40.00402083,-2.85483131
-40.00401592,-2.85485512
-40.00401463,-2.85486016
-40.00399637,-2.85491083
-40.00396963,-2.85495755
-40.00393523,-2.85499888
-40.00389422,-2.85503358
-40.00384783,-2.8550606
-40.00383818,-2.85506494
-40.00362145,-2.85506587
-40.00340784,-2.85502896
-40.00320386,-2.8549553
-40.0030157,-2.85484716
-40.00287543,-2.85473331
-40.00091563,-2.85288261
-40.00048376,-2.85247478
-40.00032331,-2.85234143
-40.00018833,-2.8521821
-40.00008291,-2.85200162
-40.00001027,-2.85180547
-39.9999726,-2.85159963
-39.99997106,-2.85139033
-40.00000569,-2.85118394
-40.00007543,-2.85098674
-40.0001214,-2.85089604
-40.00124902,-2.85019276
-40.00369176,-2.84959242
-40.00434852,-2.84920335
-40.00481325,-2.84853446
-40.00572736,-2.84627481
-40.00678946,-2.84556736
-40.00900465,-2.84615331
-40.01124214,-2.84610812
-40.0116969,-2.84621139
-40.01216059,-2.8467423
-40.01269799,-2.84773308
-40.01332454,-2.84888818
-40.01383235,-2.84941535
-40.01396798,-2.84955615
-40.01400804,-2.84954726
-40.01419538,-2.84950357
-40.01438193,-2.8494566
-40.01456764,-2.84940636
-40.01475245,-2.84935288
-40.01493631,-2.84929615
-40.01511915,-2.84923621
-40.01518614,-2.84921336
-40.01694184,-2.84843013
-40.01712015,-2.84832886
-40.01728588,-2.84823074
-40.01742324,-2.84814641
-40.01756117,-2.8480494
-40.01856193,-2.84734557
-40.01875778,-2.84720783
-40.01913518,-2.84658859
-40.01911773,-2.84629928
-40.01911175,-2.84620011
-40.0190801,-2.84567525
-40.01845258,-2.84394034
-40.01850516,-2.84335895
-40.01924853,-2.84220267
-40.0204636,-2.84140974
-40.02087758,-2.84071914
-40.02048083,-2.84015016
-40.02005046,-2.84012297
-40.01963133,-2.84002104
-40.01923617,-2.83984748
-40.01902663,-2.83971867
-40.01889511,-2.83939448
-40.01882157,-2.83905225
-40.01880825,-2.83870238
-40.01885556,-2.8383555
-40.01886468,-2.83831691
-40.01860447,-2.83773565
-40.01814341,-2.83735878
-40.01698104,-2.83692589
-40.01681071,-2.83685147
-40.01665583,-2.83674844
-40.01652109,-2.83661993
-40.01641059,-2.83646985
-40.01632768,-2.83630276
-40.01630737,-2.83624635
-40.01826527,-2.83573841
-40.0201057,-2.83489632
-40.02052432,-2.8346467
-40.02437757,-2.83444335
-40.02588041,-2.83454981
-40.02592817,-2.83456795
-40.02597833,-2.83457748
-40.02602938,-2.8345781
-40.02607976,-2.8345698
-40.02612794,-2.83455282
-40.02617246,-2.8345277
-40.02621196,-2.83449518
-40.02624525,-2.83445626
-40.02627131,-2.83441212
-40.02628935,-2.8343641
-40.02629882,-2.83431365
-40.02629944,-2.83426233
-40.02629892,-2.83425623
-40.02574153,-2.83379259
-40.0238159,-2.8328613
-40.01970352,-2.83370793
-40.01778436,-2.83458476
-40.01284297,-2.83629073
-40.01011959,-2.83801786
-40.00813081,-2.8387269
-40.00150304,-2.84386984
-39.99959742,-2.84534853
-39.97517524,-2.85538053
-39.97807924,-2.85166501
-39.98582401,-2.84598127
-39.99038064,-2.84478175
-39.99572729,-2.84493815
-39.9962981,-2.84337795
-39.99910953,-2.84347905
-39.99911635,-2.8421123
-39.99658921,-2.84156026
-39.98787176,-2.84288916
-39.95164884,-2.86144038
-39.95109267,-2.86111441
-39.95238585,-2.86011669
-39.95169349,-2.85910203
-39.95542479,-2.85753346
-39.95546479,-2.85624199
-39.96813022,-2.84963317
-39.96424275,-2.85016415
-39.94345821,-2.86033023
-39.93766135,-2.86316549
-39.91355111,-2.87886939
-39.90833073,-2.87996852
-39.90787652,-2.87922006
-39.90978537,-2.87881923
-39.91120097,-2.87826693
-39.91152568,-2.87769401
-39.91160802,-2.87698637
-39.91101865,-2.87649765
-39.91026696,-2.87605918
-39.90945096,-2.87575862
-39.90859544,-2.8756051
-39.90772641,-2.87560327
-39.90687027,-2.8757532
-39.90605302,-2.87605033
-39.90529951,-2.87648564
-39.90444607,-2.87682054
-39.9026102,-2.87782322
-39.90097537,-2.87913119
-39.89959128,-2.88070473
-39.89849997,-2.88249601
-39.8919634,-2.88235059
-39.87751132,-2.88984414
-39.8672016,-2.89631402
-39.86417857,-2.89938112
-39.84990101,-2.90808912
-39.83306463,-2.92343313
-39.82842574,-2.92463496
-39.81752669,-2.93075908
-39.80766351,-2.93996
-39.79831754,-2.94558968
-39.79520268,-2.94838582
-39.79466567,-2.94961257
-39.79477108,-2.95166616
-39.79209976,-2.95016114
-39.79197714,-2.94955871
-39.79193174,-2.94869339
-39.79203648,-2.94783329
-39.77612584,-2.95444566
-39.77023447,-2.95825331
-39.76360963,-2.96467877
-39.75566178,-2.97047685
-39.75539877,-2.97086794
-39.74866205,-2.97914726
-39.74059756,-2.98612467
-39.73752855,-2.99082344
-39.73676162,-2.99112463
-39.73590704,-2.99144391
-39.73504704,-2.99174814
-39.7341819,-2.99203724
-39.73331187,-2.99231111
-39.73243722,-2.99256967
-39.73083483,-2.99550167
-39.72961208,-2.99642777
-39.72880528,-2.99604002
-39.72993821,-2.99459319
-39.73039623,-2.99116893
-39.73760984,-2.98819086
-39.73824389,-2.98591162
-39.73758146,-2.98523905
-39.72735844,-2.99207824
-39.72457489,-2.99472054
-39.71859425,-2.99660987
-39.71105687,-3.00171721
-39.71089604,-3.00182619
-39.71058324,-3.00084841
-39.71044408,-2.99983088
-39.71045984,-2.99901972
-39.70993529,-2.99827197
-39.70884487,-2.99806831
-39.70310563,-2.99862626
-39.70044265,-2.99834079
-39.69712002,-2.99736641
-39.69647227,-2.9970997
-39.69150687,-2.99469555
-39.68985401,-2.99435472
-39.68865317,-2.99464002
-39.68751986,-2.99513062
-39.6864885,-2.99581162
-39.68638335,-2.99589674
-39.68255263,-2.99859626
-39.6821561,-2.99897938
-39.68183177,-2.99942589
-39.68162326,-2.99983805
-39.68086908,-3.0004277
-39.67683272,-3.00111339
-39.67663941,-3.00136806
-39.66708849,-3.01395034
-39.66263788,-3.01822969
-39.65751568,-3.02166705
-39.65466472,-3.0230741
-39.64795093,-3.02339838
-39.64189303,-3.01902537
-39.63989563,-3.01868496
-39.6298048,-3.02106067
-39.62589991,-3.02352714
-39.6216283,-3.02527444
-39.61973647,-3.02578473
-39.61638194,-3.03018465
-39.61402789,-3.03793587
-39.608998,-3.04807976
-39.60059113,-3.06089425
-39.59850205,-3.06396607
-39.59591408,-3.06662654
-39.59290585,-3.06879482
-39.5905247,-3.07001614
-39.58625275,-3.07155103
-39.58178056,-3.07231685
-39.57724402,-3.07229034
-39.57371847,-3.07171196
-39.56768599,-3.07543004
-39.56688086,-3.0759151
-39.56600418,-3.07625224
-39.56508257,-3.07643122
-39.56414405,-3.0764466
-39.56321714,-3.07629791
-39.56232998,-3.07598968
-39.56150955,-3.07553127
-39.56097141,-3.07511336
-39.55929369,-3.07680088
-39.55693496,-3.07646052
-39.55246848,-3.07949452
-39.55108883,-3.07949523
-39.54954215,-3.07949604
-39.53072319,-3.09368189
-39.52301392,-3.10179868
-39.51965758,-3.10380722
-39.51834907,-3.10379939
-39.51705908,-3.10402009
-39.5158268,-3.10446261
-39.51468969,-3.10511351
-39.51460102,-3.1051761
-39.50990679,-3.10889326
-39.50743581,-3.10905086
-39.50502959,-3.10963739
-39.50276123,-3.11063503
-39.50193271,-3.11112701
-39.49040651,-3.11519488
-39.48994368,-3.1151962
-39.48881214,-3.11533968
-39.48772258,-3.11567849
-39.48670809,-3.11620234
-39.48579951,-3.11689532
-39.48422894,-3.11882845
-39.47969697,-3.12319502
-39.4792626,-3.12371017
-39.47791325,-3.12572887
-39.47693313,-3.12795244
-39.47193473,-3.13401719
-39.4712683,-3.13470383
-39.46693531,-3.13834072
-39.46535773,-3.13926383
-39.46081958,-3.14123408
-39.45510967,-3.1427347
-39.45261164,-3.142925
-39.45009643,-3.14267611
-39.44779098,-3.14324329
-39.44159343,-3.143992
-39.43749903,-3.14513537
-39.43295058,-3.14736174
-39.42610443,-3.15200758
-39.42609149,-3.15200805
-39.42201515,-3.1525179
-39.4180888,-3.15373151
-39.41007539,-3.15911228
-39.40529972,-3.16531241
-39.39552069,-3.1746689
-39.3946507,-3.1749968
-39.38965443,-3.1774883
-39.38516446,-3.180814
-39.37967365,-3.18063483
-39.37575727,-3.17990647
-39.37214849,-3.17843204
-39.36939352,-3.17655855
-39.36749238,-3.17445622
-39.36525696,-3.17271766
-39.36495485,-3.17252716
-39.36272805,-3.17187168
-39.35442338,-3.17293333
-39.35220203,-3.17362498
-39.35013391,-3.17469385
-39.34841287,-3.17598958
-39.34479137,-3.17688573
-39.34152395,-3.17849206
-39.34010952,-3.17974182
-39.33893248,-3.18121947
-39.33858266,-3.18178374
-39.33716491,-3.18491483
-39.33563525,-3.18659095
-39.33441838,-3.18850861
-39.33362437,-3.1903841
-39.33331951,-3.19038559
-39.3319363,-3.19204995
-39.33028656,-3.19344759
-39.32955621,-3.19392629
-39.32396341,-3.19741463
-39.32165884,-3.1999987
-39.31931506,-3.20077583
-39.31822197,-3.20170002
-39.31084796,-3.20588201
-39.31037793,-3.20621
-39.30873055,-3.20589583
-39.30716247,-3.20529889
-39.30610244,-3.20469929
-39.30518784,-3.20470373
-39.30419431,-3.20547447
-39.30321431,-3.20626253
-39.30224813,-3.20706766
-39.30129609,-3.20788961
-39.30035846,-3.20872814
-39.29943552,-3.20958298
-39.29852758,-3.21045389
-39.29763489,-3.21134059
-39.29686987,-3.21212569
-39.29398404,-3.21431434
-39.29148777,-3.21509215
-39.28854272,-3.21522986
-39.28566619,-3.2158795
-39.28536398,-3.21597938
-39.28186617,-3.21771152
-39.27598961,-3.21930197
-39.27269743,-3.21940973
-39.26842275,-3.21745654
-39.26667686,-3.21637579
-39.26487841,-3.21644571
-39.25785867,-3.21754182
-39.25613399,-3.21762103
-39.25495508,-3.21818785
-39.25389201,-3.21895182
-39.25297706,-3.21988973
-39.25264077,-3.22033319
-39.25187644,-3.22030833
-39.25111944,-3.22041725
-39.25039275,-3.22065665
-39.25008202,-3.22080491
-39.24741891,-3.22498327
-39.23965404,-3.23344356
-39.23539969,-3.23640434
-39.23001074,-3.23799221
-39.22867434,-3.23907062
-39.22245441,-3.24547124
-39.22122449,-3.24713961
-39.21996578,-3.24878616
-39.21867867,-3.25041037
-39.21736355,-3.25201175
-39.21602081,-3.25358982
-39.21465088,-3.25514409
-39.21325416,-3.2566741
-39.21183109,-3.25817937
-39.21038208,-3.25965945
-39.20999221,-3.26004898
-39.20457526,-3.26868163
-39.19999349,-3.27338971
-39.19917576,-3.27455751
-39.19648278,-3.27955836
-39.19454677,-3.28220622
-39.19066197,-3.2860227
-39.18857862,-3.29038196
-39.18609557,-3.29403864
-39.18567633,-3.29566398
-39.1770287,-3.3111728
-39.16858307,-3.32429149
-39.16672444,-3.32457593
-39.16579472,-3.32413308
-39.16480261,-3.32385921
-39.16377826,-3.32376265
-39.16275278,-3.32384632
-39.16193484,-3.32404719
-39.1600862,-3.32647564
-39.15980126,-3.3270242
-39.15961543,-3.32761415
-39.15953436,-3.32822757
-39.1595605,-3.32884582
-39.15969307,-3.32945012
-39.15974199,-3.3295956
-39.16131778,-3.33203746
-39.16039421,-3.33367211
-39.15693325,-3.33690451
-39.15400982,-3.33771464
-39.151489,-3.33929628
-39.14950842,-3.34015555
-39.14899991,-3.34227138
-39.1465998,-3.34415106
-39.14435241,-3.34500737
-39.14370179,-3.3453962
-39.15179396,-3.3556044
-39.15461574,-3.35916398
-39.15737361,-3.36274484
-39.15953851,-3.36453061
-39.16213998,-3.36579222
-39.16558727,-3.36685978
-39.16707378,-3.36795487
-39.16769437,-3.36957855
-39.16816402,-3.37287834
-39.16722667,-3.3775926
-39.16699273,-3.38112821
-39.16582103,-3.38702103
-39.1651936,-3.38868863
-39.1642969,-3.3904917
-39.16411815,-3.39436798
-39.16734807,-3.39824367
-39.17033739,-3.40134166
-39.17544078,-3.40658282
-39.18790631,-3.41288989
-39.19162599,-3.41412226
-39.19750773,-3.41326639
-39.21325491,-3.40239451
-39.2318931,-3.394148
-39.23806138,-3.39336992
-39.24251781,-3.39384021
-39.24580218,-3.39690353
-39.24861772,-3.40090976
-39.25378208,-3.41764335
-39.25472326,-3.42895686
-39.25613383,-3.44121305
-39.25613881,-3.4598336
-39.25614078,-3.46714039
-39.25731441,-3.47020421
-39.25966118,-3.47444622
-39.26224266,-3.47915956
-39.26318287,-3.48623038
-39.26529521,-3.49070814
-39.2690492,-3.49400691
-39.27221367,-3.49629497
-39.27500829,-3.49778012
-39.27877837,-3.49893186
-39.28033588,-3.50041365
-39.2814841,-3.50346016
-39.28148627,-3.51070673
-39.28336414,-3.51521589
-39.28378264,-3.51638801
-39.28394782,-3.52058767
-39.29435914,-3.53112488
-39.29583456,-3.53194789
-39.30189852,-3.53005194
-39.30370115,-3.52898084
-39.30558544,-3.52700389
-39.30607667,-3.52552148
-39.30656826,-3.52510958
-39.30730589,-3.52527403
-39.30788189,-3.53235569
-39.30772225,-3.54528425
-39.30772364,-3.54948396
-39.30993813,-3.55458874
-39.30797177,-3.55631869
-39.30780843,-3.55804803
-39.30477706,-3.56109589
-39.30477749,-3.56241344
-39.30617111,-3.56348349
-39.310024,-3.566282
-39.31357218,-3.57083175
-39.31422998,-3.57365994
-39.31592097,-3.57941047
-39.31902203,-3.59242009
-39.31808464,-3.59524884
-39.31647896,-3.597511
-39.31517763,-3.6008124
-39.31433426,-3.60420679
-39.31386678,-3.60920381
-39.31424385,-3.61420055
-39.31585916,-3.61652518
-39.31987667,-3.62136388
-39.32274243,-3.62391952
-39.32569624,-3.62569869
-39.32916861,-3.62654596
-39.33226493,-3.62550774
-39.33676765,-3.62126346
-39.34126973,-3.6154164
-39.34267649,-3.61324742
-39.34736885,-3.60731011
-39.35505882,-3.60221188
-39.35731017,-3.60032539
-39.36247062,-3.59890915
-39.36378459,-3.59956858
-39.36462931,-3.60003964
-39.36575516,-3.59956779
-39.36781914,-3.59852988
-39.36922638,-3.59777507
-39.36988316,-3.59758624
-39.37044633,-3.59796313
-39.37131434,-3.59960885
-39.37213668,-3.60116796
-39.3727948,-3.60427892
-39.37467323,-3.60842646
-39.3753311,-3.61087747
-39.37544223,-3.61293388
-39.37777263,-3.61511904
-39.38030641,-3.6154951
-39.38330938,-3.61587095
-39.38856249,-3.61162612
-39.3933467,-3.60813571
-39.39719385,-3.60775691
-39.39982144,-3.60813288
-39.4021672,-3.60775472
-39.40310569,-3.60803714
-39.40720243,-3.61362757
-39.4183136,-3.62188931
-39.41972173,-3.62311429
-39.42122436,-3.62575341
-39.42319567,-3.62726096
-39.42629292,-3.62848513
-39.42816071,-3.63004642
-39.43267588,-3.63253609
-39.4354725,-3.634718
-39.44030018,-3.64114514
-39.44121994,-3.64224268
-39.44309688,-3.64252459
-39.44478554,-3.64158097
-39.4474859,-3.63908372
-39.45332358,-3.63884261
-39.45754645,-3.63902903
-39.46044283,-3.63904424
-39.46488227,-3.63831135
-39.46585882,-3.63818604
-39.4664381,-3.63744619
-39.46675938,-3.63620929
-39.46790595,-3.63447944
-39.47021212,-3.63393144
-39.47218292,-3.63430753
-39.47481134,-3.63609743
-39.4763137,-3.63788793
-39.47913027,-3.64052623
-39.48335399,-3.64231526
-39.48429329,-3.64401177
-39.48401328,-3.64684027
-39.48316993,-3.64910341
-39.48345307,-3.65212017
-39.483641,-3.65259146
-39.48598721,-3.6529673
-39.48701925,-3.65258963
-39.48889606,-3.6525886
-39.49649764,-3.6535272
-39.49922005,-3.65541125
-39.50213047,-3.65786085
-39.50363192,-3.65786001
-39.50550858,-3.65757612
-39.5069164,-3.65795243
-39.51163345,-3.6585303
-39.51367335,-3.6587028
-39.52239916,-3.65634079
-39.52502712,-3.65709348
-39.5295319,-3.65784504
-39.53150237,-3.65756104
-39.53525632,-3.65812446
-39.53882225,-3.65812232
-39.54022883,-3.65642448
-39.54116661,-3.65538686
-39.54191693,-3.65472646
-39.54257376,-3.65463178
-39.54983198,-3.65369403
-39.55426297,-3.65316513
-39.55599355,-3.65245902
-39.55730293,-3.65151815
-39.55716063,-3.64926209
-39.55721393,-3.64408809
-39.55715642,-3.64150668
-39.55743666,-3.64075447
-39.55905731,-3.6387467
-39.56164398,-3.63558156
-39.56421435,-3.63120871
-39.56589749,-3.62951556
-39.5698733,-3.62833799
-39.57302764,-3.62785573
-39.57623533,-3.62762891
-39.5785745,-3.62767441
-39.58128853,-3.62865971
-39.584189,-3.62856383
-39.58867287,-3.62689716
-39.59155503,-3.62662709
-39.59361312,-3.6257335
-39.59487801,-3.62485858
-39.59493056,-3.62482045
-39.59497745,-3.624882
-39.59571222,-3.62581323
-39.59692363,-3.62646132
-39.59962774,-3.62581064
-39.60015279,-3.6262564
-39.60205175,-3.62889126
-39.60330356,-3.62957987
-39.6052413,-3.62982191
-39.60596855,-3.63079476
-39.60641406,-3.63302502
-39.60689908,-3.63395748
-39.60815083,-3.63452441
-39.61024893,-3.63310354
-39.61083264,-3.6332017
-39.61241943,-3.63413023
-39.61354302,-3.63419586
-39.61453446,-3.63432799
-39.61618645,-3.63392846
-39.61684699,-3.6333968
-39.61724335,-3.63313093
-39.61790457,-3.63359528
-39.61869833,-3.63459073
-39.61909514,-3.63498886
-39.61949155,-3.63478939
-39.61982159,-3.63419156
-39.62087867,-3.63365963
-39.62153948,-3.63352637
-39.62378426,-3.63293165
-39.62609925,-3.63285921
-39.62907284,-3.63219314
-39.63105544,-3.63205895
-39.63237771,-3.63272202
-39.63409637,-3.63318561
-39.63548403,-3.63285263
-39.63707023,-3.63291791
-39.63795951,-3.63325922
-39.63931888,-3.63517391
-39.64057529,-3.63616902
-39.64136917,-3.63729725
-39.64136992,-3.63835965
-39.64112026,-3.63935551
-39.6412831,-3.64073772
-39.6419009,-3.64154646
-39.64196737,-3.64207761
-39.64381823,-3.64254108
-39.64593313,-3.64253956
-39.64699081,-3.6428708
-39.64765205,-3.64333512
-39.6485855,-3.64421355
-39.64923989,-3.64565796
-39.64937322,-3.64725146
-39.64864907,-3.65123597
-39.64923868,-3.65176521
-39.64990562,-3.65236385
-39.65109579,-3.65309338
-39.65241766,-3.65315882
-39.65459727,-3.65123164
-39.65710767,-3.64976901
-39.66100557,-3.64777416
-39.66265653,-3.64598015
-39.66444039,-3.64518204
-39.66662132,-3.64511402
-39.67032347,-3.64657205
-39.67401143,-3.64708419
-39.67673429,-3.64663363
-39.6794436,-3.64610039
-39.68069906,-3.64576744
-39.68129348,-3.64523579
-39.68201977,-3.64430565
-39.68440094,-3.64158595
-39.6865745,-3.6383264
-39.6883211,-3.63468136
-39.69028085,-3.63082183
-39.69113311,-3.62940657
-39.69277892,-3.62656883
-39.69310866,-3.62563899
-39.69270874,-3.62119056
-39.69277317,-3.61899933
-39.69316859,-3.61753825
-39.69240385,-3.61723136
-39.69112276,-3.61577486
-39.69112143,-3.61401732
-39.6918463,-3.61341663
-39.69299786,-3.61285847
-39.693765,-3.61174334
-39.69436235,-3.61178575
-39.69760633,-3.61358367
-39.70055262,-3.61662495
-39.70183336,-3.61760989
-39.70272994,-3.6183808
-39.70414124,-3.62018573
-39.70553002,-3.62137982
-39.70738213,-3.62350314
-39.70810993,-3.62456495
-39.70870438,-3.62554692
-39.70923488,-3.62642324
-39.70923571,-3.62748562
-39.7083778,-3.62907987
-39.70904112,-3.6322001
-39.71056288,-3.63439006
-39.71089442,-3.63578418
-39.71102847,-3.63817443
-39.71085962,-3.6401753
-39.70905192,-3.64601106
-39.70895725,-3.64853567
-39.70892244,-3.64946391
-39.70925326,-3.64992844
-39.71031128,-3.65065799
-39.71275777,-3.65211682
-39.71330396,-3.65370199
-39.7131563,-3.65463966
-39.71282789,-3.65722947
-39.71282931,-3.65902224
-39.7124998,-3.66021768
-39.71315014,-3.661708
-39.71514528,-3.66253953
-39.71689759,-3.6627015
-39.71974849,-3.66257486
-39.72254741,-3.66246717
-39.72538916,-3.66226567
-39.72964638,-3.66431113
-39.73294663,-3.66605273
-39.73416298,-3.66727274
-39.7366246,-3.66955442
-39.73419087,-3.67893456
-39.73218359,-3.68297604
-39.72988706,-3.684565
-39.72687164,-3.68514459
-39.72442961,-3.68442519
-39.72141418,-3.68500476
-39.71753902,-3.68803778
-39.7156741,-3.69063632
-39.71596318,-3.69294456
-39.71840708,-3.69597245
-39.71668798,-3.70131219
-39.71582975,-3.70564127
-39.71482663,-3.70838339
-39.71166783,-3.70939591
-39.70738148,-3.7096657
-39.70132819,-3.71055843
-39.69773986,-3.7133026
-39.69687939,-3.71489037
-39.69817458,-3.71820778
-39.69788836,-3.71950653
-39.69573541,-3.7212396
-39.69473458,-3.72701159
-39.69646089,-3.73061723
-39.6983306,-3.73393418
-39.70005636,-3.7368184
-39.70202738,-3.73903605
-39.70665731,-3.7425517
-39.71011672,-3.74517851
-39.71916847,-3.7493552
-39.73168473,-3.7556681
-39.73409356,-3.75951996
-39.7362865,-3.76476609
-39.73654529,-3.76899632
-39.73565456,-3.77207376
-39.73489219,-3.77604846
-39.73515067,-3.7798941
-39.73643129,-3.78514902
-39.74001028,-3.79181211
-39.74371543,-3.79668033
-39.74703852,-3.80244623
-39.75062269,-3.814878
-39.75241153,-3.81731214
-39.75547639,-3.81948875
-39.75879517,-3.82012679
-39.76147221,-3.81989669
-39.76542883,-3.81977879
-39.77576849,-3.8194706
-39.78202341,-3.82100324
-39.78585326,-3.82228167
-39.78738497,-3.82253665
-39.7886612,-3.82253547
-39.79019291,-3.82279045
-39.79117971,-3.82166545
-39.79172192,-3.82009697
-39.79223088,-3.81842998
-39.79427131,-3.81676158
-39.79605538,-3.81597239
-39.8117532,-3.81430953
-39.82043118,-3.81404488
-39.82228647,-3.81457069
-39.8249598,-3.81532832
-39.82770641,-3.81493524
-39.83013194,-3.81570205
-39.83217412,-3.81595645
-39.83526836,-3.81530891
-39.83567256,-3.81611895
-39.83549337,-3.81710695
-39.83498363,-3.8178766
-39.83264709,-3.82154924
-39.83074117,-3.82658929
-39.82907454,-3.83210894
-39.82931871,-3.83762674
-39.82859446,-3.84602382
-39.82840154,-3.85105437
-39.82797862,-3.86208312
-39.82504828,-3.86762022
-39.82144146,-3.87151553
-39.8123958,-3.87506984
-39.81001014,-3.87819103
-39.8085797,-3.88107139
-39.80882153,-3.88419006
-39.81049656,-3.88730735
-39.81432141,-3.89042255
-39.81695565,-3.89737753
-39.81720124,-3.90433482
-39.81721379,-3.91729021
-39.81721705,-3.92064901
-39.8184217,-3.93120407
-39.81842779,-3.93744185
-39.82010253,-3.94007925
-39.82440592,-3.9436737
-39.82727866,-3.94990861
-39.82806571,-3.95761774
-39.82585724,-3.96190573
-39.82466614,-3.96526571
-39.82037351,-3.97270734
-39.81894206,-3.97462808
-39.81655599,-3.97750942
-39.81369212,-3.98039123
-39.8060534,-3.98639664
-39.80223342,-3.98879953
-39.79884937,-3.99090608
-39.79698072,-3.99192356
-39.79483181,-3.99312522
-39.79196827,-3.99648682
-39.78952878,-3.99741754
-39.7886038,-3.99741843
-39.78760174,-3.9974194
-39.78456219,-3.99625403
-39.78241165,-3.99577626
-39.77865974,-3.99688609
-39.77542289,-3.99750844
-39.77449128,-3.99788945
-39.77342013,-3.99898113
-39.77218343,-4.00145717
-39.77025667,-4.00590283
-39.77006448,-4.01010479
-39.76993306,-4.01297792
-39.76839343,-4.01452698
-39.76729349,-4.01541236
-39.76575323,-4.01629816
-39.76531344,-4.01685129
-39.76476624,-4.02027865
-39.76087668,-4.02219278
-39.75970522,-4.02304699
-39.75915595,-4.02426348
-39.75827737,-4.02647517
-39.75684747,-4.02769249
-39.7531063,-4.02935412
-39.75079605,-4.03090388
-39.74848832,-4.03521722
-39.7476093,-4.03698673
-39.74444604,-4.03960844
-39.74288076,-4.04240774
-39.74299174,-4.04340253
-39.74475466,-4.04516962
-39.74486656,-4.04715931
-39.74277702,-4.04937211
-39.73881696,-4.05258152
-39.73816138,-4.05799878
-39.73651443,-4.06275369
-39.73622672,-4.06463952
-39.73651794,-4.06662273
-39.73695929,-4.06772776
-39.73751072,-4.0688327
-39.736962,-4.07071245
-39.73531373,-4.07403029
-39.73465402,-4.07491524
-39.73333649,-4.07878549
-39.73360874,-4.08138834
-39.73433269,-4.08475397
-39.73422582,-4.08829148
-39.73345762,-4.09094524
-39.73378929,-4.09249255
-39.732912,-4.09625186
-39.73346456,-4.09857278
-39.73258506,-4.09990012
-39.73049506,-4.10178128
-39.72939647,-4.1043248
