-37.95644998    -5.46693985
-37.95807401    -5.46666573
-37.95991743    -5.46655537
-37.95331688    -5.49998291
-37.93489609    -5.50539846
-37.93876925    -5.51129525
-37.94145448    -5.51885116
-37.94558872    -5.52748315
-37.9466816    -5.53210109
-37.95011127    -5.53551612
-37.95988097    -5.54107242
-37.96758087    -5.54511767
-37.97583468    -5.55012675
-37.98490889    -5.55329375
-37.99332017    -5.55722149
-37.99703616    -5.5639233
-37.99930504    -5.5701699
-37.99948722    -5.57424865
-37.99918462    -5.57780938
-37.99888252    -5.58107334
-37.99917305    -5.58463507
-37.99946609    -5.58671297
-38.0006083    -5.58702081
-38.0049505    -5.58848911
-38.00964771    -5.59053639
-38.01421825    -5.59504456
-38.01692365    -5.60064791
-38.0179904    -5.60322965
-38.02043472    -5.61060312
-38.0241875    -5.61807494
-38.02638723    -5.62381385
-38.0296333    -5.63162829
-38.03202225    -5.63624086
-38.03671076    -5.64019738
-38.04324558    -5.64225335
-38.05330221    -5.64738586
-38.05849662    -5.65125265
-38.06393778    -5.65636288
-38.07012036    -5.66011929
-38.07657532    -5.66456711
-38.08004868    -5.6682185
-38.08180027    -5.67174667
-38.08332474    -5.67474462
-38.08353182    -5.67950773
-38.08323246    -5.68452148
-38.08288955    -5.68902891
-38.08277913    -5.6929393
-38.08236851    -5.69719335
-38.08354472    -5.70099484
-38.08575387    -5.70491628
-38.08726958    -5.70977763
-38.08878881    -5.71390283
-38.08899807    -5.71820584
-38.08902382    -5.72246197
-38.08852547    -5.72584139
-38.08763842    -5.72885087
-38.08552075    -5.72983001
-38.08070641    -5.72796661
-38.07717815    -5.72613233
-38.07330838    -5.72367526
-38.07087423    -5.72359458
-38.06735679    -5.72431389
-38.06370287    -5.72475645
-38.06020916    -5.72531479
-38.05827686    -5.72594964
-38.05659156    -5.72775894
-38.05456528    -5.72883041
-38.05178684    -5.72870199
-38.04818382    -5.72810946
-38.04496724    -5.72834697
-38.0436963    -5.72995117
-38.04434525    -5.7334971
-38.04712627    -5.73785853
-38.04837827    -5.7401881
-38.04990888    -5.74189788
-38.05377144    -5.74585042
-38.05510517    -5.75029686
-38.05660102    -5.75446802
-38.05741404    -5.75734759
-38.06060559    -5.7623551
-38.06336499    -5.76648633
-38.0661359    -5.76822506
-38.06765604    -5.77214327
-38.07057874    -5.77576914
-38.07384391    -5.77983375
-38.0769078    -5.78277013
-38.08095632    -5.78635536
-38.08472981    -5.78982422
-38.0886182    -5.79329362
-38.09318993    -5.79798554
-38.09700645    -5.8020987
-38.10274544    -5.80771635
-38.10555107    -5.81189368
-38.10795121    -5.81438967
-38.11091748    -5.81861376
-38.11305825    -5.82253485
-38.11403111    -5.82569121
-38.11434128    -5.82810826
-38.11671899    -5.8305121
-38.11797014    -5.83311765
-38.11631611    -5.83798698
-38.11519725    -5.84140949
-38.11510809    -5.84568809
-38.11584571    -5.85001662
-38.11762013    -5.85370591
-38.11915145    -5.85536957
-38.12037424    -5.85912526
-38.12058134    -5.86391139
-38.12034761    -5.86961564
-38.1205534    -5.87467783
-38.12113439    -5.87813141
-38.12168467    -5.88321823
-38.12293288    -5.88646792
-38.1246433    -5.88914467
-38.12876578    -5.89187885
-38.13263309    -5.89514092
-38.13576744    -5.8979394
-38.13837817    -5.89972315
-38.14171708    -5.90300569
-38.14236972    -5.90590747
-38.14278948    -5.90947532
-38.14314237    -5.91260574
-38.14411808    -5.91520997
-38.14810505    -5.9175063
-38.15308258    -5.91925511
-38.15779666    -5.92330323
-38.16123352    -5.92534383
-38.16324603    -5.92735475
-38.16433287    -5.93078768
-38.16383244    -5.93462729
-38.16331472    -5.93724752
-38.1623583    -5.9403258
-38.16278012    -5.94347955
-38.16439994    -5.94594875
-38.16874701    -5.94992607
-38.1731243    -5.95236212
-38.17723137    -5.95362359
-38.18036722    -5.9512686
-38.18259917    -5.95058881
-38.18605522    -5.9535036
-38.18978672    -5.95648868
-38.19274002    -5.95882596
-38.19620277    -5.96031437
-38.20088185    -5.96213046
-38.20498474    -5.96433496
-38.2082106    -5.96738662
-38.21040503    -5.96988136
-38.21177313    -5.97218825
-38.21527112    -5.97604634
-38.22090875    -5.97933907
-38.225145    -5.98257933
-38.22889811    -5.98595539
-38.2330013    -5.98815971
-38.23645505    -5.9916954
-38.23931557    -5.99430813
-38.24169064    -5.9975628
-38.24730918    -6.00122485
-38.25378607    -6.0102779
-38.25491183    -6.01249226
-38.25332068    -6.01449602
-38.25398357    -6.0187385
-38.25457405    -6.02588554
-38.25332343    -6.03206223
-38.2557374    -6.03547684
-38.25585073    -6.03704456
-38.25538624    -6.04045583
-38.25579838    -6.042508
-38.25591344    -6.04257729
-38.25729284    -6.04456142
-38.25885717    -6.04594639
-38.26136479    -6.04809319
-38.26315881    -6.05000862
-38.26290453    -6.05086129
-38.26209763    -6.05164416
-38.26188911    -6.05275045
-38.26280967    -6.05325867
-38.26430613    -6.05360617
-38.266425    -6.05340111
-38.26762253    -6.05335637
-38.26819775    -6.05379503
-38.26886438    -6.05485622
-38.26936992    -6.05582501
-38.27054399    -6.05617213
-38.27123425    -6.05670313
-38.27123227    -6.05845514
-38.27164479    -6.06023067
-38.2718967    -6.06147581
-38.27267797    -6.06299818
-38.27343754    -6.06334483
-38.27530299    -6.06325472
-38.27735211    -6.06367198
-38.27755803    -6.06487096
-38.27767158    -6.06630036
-38.27852121    -6.06849133
-38.27985524    -6.06999126
-38.28199656    -6.0703625
-38.28376908    -6.071033
-38.28607288    -6.07025176
-38.28929725    -6.07002479
-38.29159865    -6.07143354
-38.29419885    -6.07339589
-38.29649875    -6.07621086
-38.29960616    -6.07768962
-38.30206807    -6.07981315
-38.30452949    -6.08239774
-38.30549339    -6.08553398
-38.30715041    -6.08661924
-38.30827869    -6.08680487
-38.30991415    -6.08650693
-38.31157325    -6.08563268
-38.31390135    -6.0836987
-38.31708081    -6.08245719
-38.32016874    -6.08063923
-38.32125355    -6.07833506
-38.32261343    -6.07725298
-38.32533101    -6.0772097
-38.32680463    -6.07748786
-38.32954391    -6.07873555
-38.33219125    -6.07982176
-38.33550774    -6.07966377
-38.33806349    -6.08024269
-38.34034507    -6.07865433
-38.3422804    -6.07784942
-38.3465243    -6.07142182
-38.34767778    -6.06941734
-38.34908347    -6.06851966
-38.3507895    -6.06665404
-38.3511799    -6.06778403
-38.35239949    -6.06877652
-38.35237461    -6.07066686
-38.35131311    -6.07283281
-38.35038857    -6.07622072
-38.3505466    -6.07944832
-38.35211101    -6.0811097
-38.3539296    -6.08191835
-38.3557258    -6.08208149
-38.35807519    -6.08176104
-38.35871925    -6.08256853
-38.35869524    -6.08358285
-38.35883185    -6.08519671
-38.35959131    -6.08575073
-38.36115756    -6.08556782
-38.36297714    -6.08538516
-38.36417408    -6.08605486
-38.36596921    -6.08734757
-38.36721197    -6.0882709
-38.36859389    -6.08818001
-38.3704831    -6.08744411
-38.37168209    -6.08596984
-38.37373387    -6.08378173
-38.37594624    -6.08223925
-38.37691498    -6.08067254
-38.37912742    -6.07903783
-38.38048794    -6.07717178
-38.38136546    -6.07461368
-38.38046847    -6.07334491
-38.37991788    -6.07106211
-38.37867689    -6.06824845
-38.38074959    -6.06822733
-38.38390522    -6.06763087
-38.38747612    -6.06622791
-38.38823726    -6.06496067
-38.38839962    -6.06369288
-38.38801014    -6.0614794
-38.38663032    -6.05935723
-38.38522877    -6.05582877
-38.38504682    -6.05333884
-38.38610665    -6.05280959
-38.386751    -6.05331736
-38.38875344    -6.05451796
-38.39027356    -6.05431187
-38.39253023    -6.0545214
-38.39427939    -6.05569871
-38.3966967    -6.05655387
-38.39936839    -6.05623351
-38.40441179    -6.05626106
-38.40694301    -6.05854558
-38.40742641    -6.0587996
-38.40885391    -6.05916971
-38.41138765    -6.05859559
-38.41428953    -6.05841369
-38.41656875    -6.05922253
-38.41863905    -6.06196768
-38.42112507    -6.06335302
-38.42312809    -6.06402329
-38.4239563    -6.06503835
-38.42540526    -6.06729882
-38.4280763    -6.06780826
-38.43083685    -6.07145304
-38.43173325    -6.07357472
-38.43470328    -6.07461461
-38.43451735    -6.07664317
-38.43677268    -6.07862765
-38.44114869    -6.07835462
-38.44826052    -6.0840316
-38.45159945    -6.08467979
-38.44982237    -6.08928908
-38.44837042    -6.0905328
-38.44800077    -6.09196182
-38.44774451    -6.09555797
-38.44518709    -6.09673162
-38.44484112    -6.09735379
-38.44585274    -6.0994986
-38.44852248    -6.10185223
-38.45398086    -6.10194885
-38.45444068    -6.10296358
-38.45510747    -6.10437038
-38.45487537    -6.10660639
-38.45796152    -6.10672412
-38.46079431    -6.10686469
-38.46206022    -6.10792615
-38.4642007    -6.10981823
-38.467284    -6.11364755
-38.46778839    -6.11662186
-38.47395185    -6.12859147
-38.47424948    -6.13092012
-38.4752842    -6.13322628
-38.47728701    -6.13461103
-38.4773551    -6.13592514
-38.47689274    -6.13816099
-38.47815696    -6.1415739
-38.47988185    -6.14501021
-38.47935157    -6.14567836
-38.4781995    -6.14620772
-38.47690871    -6.14740552
-38.47679089    -6.15086348
-38.47745579    -6.15489837
-38.47945738    -6.15798909
-38.48217378    -6.16011209
-38.48419917    -6.16225762
-38.48795176    -6.16491161
-38.49154335    -6.16728881
-38.49439769    -6.16991904
-38.49563936    -6.17291694
-38.49794103    -6.17538537
-38.49906908    -6.17628529
-38.50252362    -6.17723299
-38.49976189    -6.1790419
-38.50128148    -6.18732018
-38.50082511    -6.18911023
-38.50142363    -6.19116492
-38.50406799    -6.19117071
-38.50623026    -6.19110219
-38.51252615    -6.19153889
-38.51537093    -6.19002792
-38.52135122    -6.19200297
-38.52554636    -6.19319915
-38.52599899    -6.19387145
-38.52561391    -6.19545518
-38.52398923    -6.19684136
-38.52477303    -6.19878298
-38.52519518    -6.20014534
-38.52693042    -6.20129181
-38.52770022    -6.20240479
-38.52752008    -6.20417485
-38.52779632    -6.20627205
-38.52845528    -6.21125005
-38.52758734    -6.21282855
-38.52552224    -6.21453214
-38.5242619    -6.21624445
-38.52212205    -6.21847652
-38.51863284    -6.22214374
-38.52431352    -6.23269944
-38.52776271    -6.23485409
-38.52786652    -6.23800802
-38.52957714    -6.23931531
-38.53173272    -6.24200822
-38.53465337    -6.24413408
-38.53651728    -6.24615642
-38.5395711    -6.24660373
-38.54265962    -6.24596978
-38.54478944    -6.24679829
-38.54727177    -6.24905742
-38.54928703    -6.25197887
-38.55037752    -6.25535059
-38.54969303    -6.25697713
-38.5508489    -6.25855453
-38.55272856    -6.25912715
-38.55321932    -6.26053626
-38.5528513    -6.26267252
-38.55450565    -6.26494569
-38.55748566    -6.26585237
-38.56226995    -6.26792916
-38.56727632    -6.27074473
-38.57215538    -6.27470955
-38.57391371    -6.27801938
-38.57561296    -6.27826781
-38.57841456    -6.27866616
-38.57784707    -6.2801099
-38.57609118    -6.28085044
-38.57429967    -6.28276427
-38.57232172    -6.28276599
-38.57077625    -6.2831866
-38.5702755    -6.28483816
-38.57033211    -6.28598943
-38.5700759    -6.28842607
-38.5678758    -6.29196942
-38.56776994    -6.29325702
-38.56858863    -6.29625757
-38.56819863    -6.29830154
-38.56668547    -6.29998821
-38.56453483    -6.30106965
-38.56523858    -6.30192873
-38.56679099    -6.30300408
-38.57403513    -6.3073626
-38.57482889    -6.31054698
-38.57600523    -6.31237769
-38.57930876    -6.31531292
-38.58021409    -6.31668044
-38.58041687    -6.31921408
-38.58020543    -6.32176628
-38.58157446    -6.32493382
-38.58052024    -6.32885774
-38.57985427    -6.33089876
-38.57865782    -6.33521237
-38.57702268    -6.33540189
-38.57753778    -6.33883641
-38.57753849    -6.34304784
-38.57640483    -6.34579722
-38.57538763    -6.34840977
-38.57377962    -6.35034857
-38.57247038    -6.35017337
-38.57093908    -6.34925936
-38.56963406    -6.34869297
-38.56815442    -6.34939042
-38.56610052    -6.35001264
-38.56515358    -6.35037063
-38.56288524    -6.35168092
-38.56238041    -6.35370063
-38.56447206    -6.3559785
-38.56592544    -6.35772017
-38.56739042    -6.36052057
-38.56873725    -6.36147864
-38.56854798    -6.3641001
-38.56672099    -6.36714115
-38.56759741    -6.3690607
-38.57064158    -6.37047432
-38.57082429    -6.37273158
-38.57155138    -6.3735679
-38.5751056    -6.37247855
-38.57689419    -6.37300411
-38.5790733    -6.37357989
-38.58450514    -6.37329314
-38.58658806    -6.37425908
-38.58870611    -6.37623798
-38.59131266    -6.37985605
-38.59229708    -6.38458433
-38.59301657    -6.38613395
-38.59659014    -6.38538987
-38.59846562    -6.38639956
-38.5991181    -6.38776435
-38.59879787    -6.38974005
-38.59744208    -6.39175067
-38.59513532    -6.39448749
-38.59081155    -6.39653525
-38.5892279    -6.39619605
-38.58829695    -6.39505839
-38.58748372    -6.39366886
-38.58626514    -6.39360973
-38.58414183    -6.39425427
-38.58301302    -6.39654345
-38.58078457    -6.39840654
-38.57907871    -6.4008736
-38.57573255    -6.40185014
-38.57155836    -6.40288486
-38.57824692    -6.40735162
-38.57992896    -6.41549247
-38.58299475    -6.42117725
-38.58729153    -6.42348435
-38.58913073    -6.4273252
-38.59181624    -6.42878631
-38.59526916    -6.43055517
-38.59670862    -6.43223382
-38.59802997    -6.433936
-38.60325059    -6.43301863
-38.60622746    -6.43195772
-38.60770345    -6.43225419
-38.6090846    -6.43302312
-38.61169233    -6.43594304
-38.61384056    -6.43748042
-38.61460635    -6.43993821
-38.61483948    -6.44408019
-38.61582995    -6.44608214
-38.61721104    -6.44700463
-38.6267258    -6.45269398
-38.63340583    -6.45526641
-38.63673458    -6.45748998
-38.64452738    -6.46453203
-38.65250867    -6.46837694
-38.65849211    -6.47513834
-38.65987407    -6.47498569
-38.66279154    -6.47468048
-38.66662974    -6.47514374
-38.67123684    -6.47376456
-38.67349752    -6.47366974
-38.67983053    -6.48098813
-38.68259208    -6.48452211
-38.68402063    -6.48519
-38.68550817    -6.48652042
-38.68581468    -6.48744207
-38.68964821    -6.49573755
-38.69425313    -6.49819757
-38.69778482    -6.49804611
-38.70039468    -6.49881554
-38.70269573    -6.50250273
-38.70545818    -6.50496157
-38.70745424    -6.50511631
-38.70852971    -6.50404189
-38.70899222    -6.50081705
-38.71114312    -6.49866822
-38.71145328    -6.49329322
-38.71053402    -6.48976043
-38.70930768    -6.48622747
-38.71023079    -6.48300289
-38.71054138    -6.47686001
-38.71146341    -6.47547834
-38.71499503    -6.47517318
-38.72190496    -6.47410197
-38.7230227    -6.47267501
-38.7211612    -6.46434136
-38.72116332    -6.46047501
-38.72116427    -6.45874183
-38.72336469    -6.45654321
-38.72643063    -6.45587825
-38.72863103    -6.45367961
-38.7309643    -6.45221431
-38.73436484    -6.44881637
-38.73529894    -6.4466837
-38.73610005    -6.443951
-38.73583649    -6.43815134
-38.73750336    -6.43648567
-38.73782188    -6.43548113
-38.73830492    -6.43281971
-38.73857346    -6.42895349
-38.73704297    -6.42461973
-38.73731103    -6.42168677
-38.73891199    -6.41848784
-38.73964633    -6.41588843
-38.74064695    -6.41382243
-38.74164775    -6.41135647
-38.74297088    -6.41022311
-38.74398106    -6.4093578
-38.74411466    -6.40869125
-38.742316    -6.40762377
-38.74098367    -6.40682316
-38.74058432    -6.4058897
-38.74157363    -6.40358807
-38.74338529    -6.4014248
-38.74617197    -6.4002182
-38.75076921    -6.39899421
-38.75352881    -6.39562337
-38.75506277    -6.39194538
-38.7547591    -6.38612058
-38.75476187    -6.38029593
-38.75476304    -6.37784344
-38.75660393    -6.37293934
-38.7569118    -6.36987388
-38.75905878    -6.36558303
-38.76028589    -6.36251799
-38.76212583    -6.35945323
-38.76519266    -6.35362997
-38.7731623    -6.34719573
-38.77561493    -6.34413118
-38.77806805    -6.33984037
-38.78082727    -6.33616281
-38.78205495    -6.33125833
-38.78205675    -6.32696647
-38.78175177    -6.32359416
-38.78175357    -6.31930229
-38.78267339    -6.31776986
-38.78604588    -6.3125597
-38.78665992    -6.30949433
-38.78819349    -6.30550965
-38.78911402    -6.30213784
-38.78942226    -6.29753952
-38.78819796    -6.2944734
-38.78697393    -6.29079416
-38.78697518    -6.28772853
-38.78973381    -6.28466402
-38.79279806    -6.28343899
-38.79586205    -6.28282707
-38.80045803    -6.28190916
-38.80085797    -6.28148404
-38.80037074    -6.28001961
-38.80012744    -6.27849426
-38.80067665    -6.27727427
-38.80451926    -6.27361511
-38.80470128    -6.27080938
-38.80209903    -6.26331957
-38.80145279    -6.26145952
-38.80043988    -6.25854406
-38.80135484    -6.25744622
-38.80257442    -6.2569586
-38.80525723    -6.25659354
-38.80623283    -6.25634986
-38.80708666    -6.25567906
-38.80702703    -6.25201842
-38.80666193    -6.25006596
-38.80513845    -6.24805206
-38.80477387    -6.24697241
-38.80501726    -6.24603868
-38.80574922    -6.2451238
-38.80739183    -6.24352026
-38.80959159    -6.24134257
-38.81056765    -6.23975665
-38.81121668    -6.23730914
-38.81526621    -6.23355462
-38.82067575    -6.23308373
-38.82316985    -6.22890965
-38.82181987    -6.22115127
-38.82560113    -6.21232992
-38.83114862    -6.20429162
-38.83557639    -6.20086976
-38.83859476    -6.20026658
-38.83980221    -6.19966285
-38.84040658    -6.19724662
-38.83960325    -6.19221218
-38.84040881    -6.18979601
-38.8445773    -6.18685633
-38.8544955    -6.18214807
-38.85771619    -6.17691337
-38.86033342    -6.17087301
-38.86093823    -6.1662417
-38.8657691    -6.15798684
-38.86858615    -6.15677933
-38.87095424    -6.15625614
-38.87788067    -6.15499739
-38.88134608    -6.15438653
-38.887307    -6.15369316
-38.89090015    -6.15189597
-38.89273071    -6.15175051
-38.89474246    -6.15275776
-38.89755911    -6.15316104
-38.9000451    -6.15357311
-38.9002066    -6.15281313
-38.90100087    -6.15082681
-38.90186989    -6.14865354
-38.90259874    -6.14683079
-38.90343036    -6.14475099
-38.90412957    -6.14376689
-38.90522442    -6.14026422
-38.90319355    -6.13728181
-38.90400666    -6.13416437
-38.90549682    -6.13145368
-38.90509072    -6.13050478
-38.9054974    -6.12820054
-38.90590424    -6.12494747
-38.90617561    -6.12196547
-38.90631155    -6.11898345
-38.90671857    -6.114646
-38.90711531    -6.11246681
-38.90748346    -6.10821718
-38.90760654    -6.10466217
-38.90752545    -6.10143402
-38.90760785    -6.09698002
-38.9073634    -6.09416047
-38.90728197    -6.09293458
-38.90634333    -6.09129992
-38.9071194    -6.08872572
-38.90674226    -6.08664899
-38.90735339    -6.08492398
-38.90841176    -6.08475453
-38.91287563    -6.08688787
-38.91712141    -6.08509059
-38.9201426    -6.0826393
-38.92173475    -6.08198573
-38.92471468    -6.08235391
-38.92777642    -6.08157794
-38.93839024    -6.08010821
-38.94279896    -6.08027214
-38.9487181    -6.08035446
-38.95239185    -6.08260224
-38.95484098    -6.08480902
-38.95737185    -6.08595338
-38.95969834    -6.09085706
-38.96149443    -6.09224652
-38.96761771    -6.09408573
-38.9701487    -6.09433105
-38.97207794    -6.09836853
-38.97227113    -6.10115521
-38.97247523    -6.10152298
-38.97329163    -6.10283062
-38.97492445    -6.10528245
-38.97639401    -6.10728478
-38.97757795    -6.10609982
-38.97851694    -6.10491484
-38.97937427    -6.10397504
-38.98068074    -6.10062436
-38.98076249    -6.09792744
-38.97987961    -6.09331715
-38.97925226    -6.09212491
-38.97940476    -6.09147155
-38.98064028    -6.09057218
-38.98317131    -6.08938725
-38.98406943    -6.08824313
-38.9844369    -6.08603656
-38.98488602    -6.08329879
-38.98598832    -6.07921256
-38.98643737    -6.07835446
-38.98904998    -6.07708778
-38.98970313    -6.07659744
-38.98888674    -6.07475861
-38.98860104    -6.07242944
-38.9886419    -6.07038632
-38.98856031    -6.06809801
-38.98862512    -6.06677242
-38.98859289    -6.06539126
-38.98722828    -6.06390476
-38.98713173    -6.06200946
-38.98700931    -6.06029323
-38.98684605    -6.05927166
-38.98643791    -6.05702421
-38.98607057    -6.05522624
-38.98545836    -6.0522024
-38.9852543    -6.05089479
-38.98543507    -6.0500555
-38.98566282    -6.0479635
-38.98576625    -6.04467713
-38.98622728    -6.04133168
-38.98593933    -6.03596741
-38.98651559    -6.03239125
-38.98749515    -6.0299687
-38.98824424    -6.02685398
-38.98870518    -6.02645023
-38.9903761    -6.02471985
-38.99257995    -6.02348697
-38.9946943    -6.02287635
-38.9955184    -6.02213873
-38.99686518    -6.02189359
-38.99894657    -6.0218936
-39.00096388    -6.02076198
-39.00379431    -6.02018502
-39.00708919    -6.01894444
-39.00811104    -6.0174799
-39.00944642    -6.01401648
-39.01117509    -6.01018796
-39.01308833    -6.0093511
-39.01410742    -6.00825456
-39.01567637    -6.00736913
-39.01724681    -6.009382
-39.01981403    -6.01331145
-39.0243027    -6.01529994
-39.02765028    -6.01624484
-39.03039572    -6.01472402
-39.0307773    -6.01594597
-39.03027528    -6.01858752
-39.03023124    -6.02143947
-39.02948124    -6.02343512
-39.02996971    -6.02573897
-39.03150535    -6.02625638
-39.03273449    -6.02782964
-39.03427811    -6.027266
-39.03644953    -6.02569489
-39.03908571    -6.02341414
-39.04020101    -6.02484852
-39.04218278    -6.02718638
-39.04339542    -6.0278854
-39.04451214    -6.02600745
-39.04855772    -6.02578425
-39.05224397    -6.02443127
-39.05241899    -6.02250036
-39.05409958    -6.01892438
-39.05533382    -6.01667923
-39.05582981    -6.0148427
-39.05715087    -6.01328826
-39.05725914    -6.01105783
-39.05673431    -6.00816274
-39.05624443    -6.00669195
-39.05746842    -6.00362755
-39.05821911    -6.00234702
-39.05733694    -6.00045435
-39.05454508    -5.99836494
-39.05536173    -5.99694154
-39.0561959    -5.99625607
-39.05773761    -5.99642898
-39.05915817    -5.99740795
-39.06141102    -5.99795505
-39.06362296    -5.99781014
-39.06608889    -5.9975749
-39.06781775    -5.99735721
-39.07093497    -5.99737487
-39.07301623    -5.99712945
-39.07387301    -5.99541335
-39.07428117    -5.9922176
-39.07594639    -5.9912616
-39.07753312    -5.99157312
-39.07934398    -5.99271634
-39.08180494    -5.99314962
-39.08429251    -5.9930989
-39.08924906    -5.99239783
-39.09094153    -5.99086558
-39.09183584    -5.98826683
-39.09251217    -5.98711901
-39.09350238    -5.98712634
-39.09487896    -5.98782821
-39.09676352    -5.98834939
-39.0993691    -5.98790752
-39.10306276    -5.98668975
-39.10463868    -5.98534105
-39.10574844    -5.98474977
-39.10767278    -5.98612429
-39.10943187    -5.98805094
-39.11069554    -5.98845221
-39.11214885    -5.98811707
-39.11346399    -5.98778091
-39.11400109    -5.98677038
-39.11360318    -5.98450792
-39.11311621    -5.9818298
-39.11338137    -5.9802178
-39.11455714    -5.98004201
-39.11821568    -5.98046088
-39.12080088    -5.97964986
-39.12236356    -5.98009941
-39.1239188    -5.98156339
-39.12575462    -5.98245301
-39.12812193    -5.9830929
-39.12957387    -5.98294216
-39.13140403    -5.98145691
-39.13316105    -5.98052447
-39.13408874    -5.97963207
-39.13382622    -5.97773953
-39.13470065    -5.97467944
-39.13610133    -5.97208432
-39.13701068    -5.9705462
-39.13672681    -5.96842294
-39.13654913    -5.96598439
-39.13728348    -5.96524879
-39.1386845    -5.96523243
-39.14024732    -5.96565888
-39.14142406    -5.9653447
-39.14193856    -5.96426481
-39.14176796    -5.962396
-39.14168645    -5.96094285
-39.14276116    -5.95882952
-39.14497527    -5.95836152
-39.14694927    -5.95779736
-39.14835872    -5.95754368
-39.14937067    -5.95747104
-39.15041699    -5.95738677
-39.15183945    -5.9581119
-39.15382344    -5.95761913
-39.15541665    -5.95703127
-39.15689321    -5.95665008
-39.15816304    -5.9561982
-39.15952747    -5.95540116
-39.16046554    -5.95547769
-39.16263448    -5.95699687
-39.16429767    -5.95931228
-39.16639446    -5.96119332
-39.1678761    -5.96065008
-39.16902195    -5.96079621
-39.17062048    -5.96265233
-39.17246013    -5.96301153
-39.1738229    -5.962445
-39.17522404    -5.96293935
-39.17732919    -5.96479912
-39.17871918    -5.96683814
-39.17954666    -5.96705165
-39.17996732    -5.96620161
-39.18021191    -5.96422054
-39.18158    -5.96291623
-39.18331651    -5.96161459
-39.18717648    -5.95963661
-39.19030621    -5.95673108
-39.19238858    -5.95536274
-39.19471411    -5.95540259
-39.19680141    -5.95654741
-39.19729887    -5.95781909
-39.19696091    -5.95998394
-39.19657572    -5.96230985
-39.19735961    -5.96538199
-39.19958974    -5.96908707
-39.20102422    -5.97135692
-39.20282501    -5.97713396
-39.20222745    -5.98017308
-39.20125466    -5.98094999
-39.20046824    -5.98142851
-39.20013756    -5.98257894
-39.20167314    -5.98680929
-39.20512968    -5.98971621
-39.20830475    -5.990131
-39.2154395    -5.9907356
-39.21681558    -5.99152938
-39.21772697    -5.99289624
-39.21834708    -5.99313124
-39.21911081    -5.99260643
-39.22025172    -5.99086233
-39.22240487    -5.98926383
-39.22616519    -5.98834545
-39.22776662    -5.9898325
-39.23017356    -5.99139448
-39.23233691    -5.99482226
-39.23485888    -5.99963596
-39.23637723    -6.00185668
-39.23701245    -6.00301125
-39.23868718    -6.00336804
-39.2394863    -6.00408672
-39.24080246    -6.00315287
-39.23961793    -6.00169543
-39.23987942    -5.99962567
-39.23927258    -5.99752323
-39.23971799    -5.99641971
-39.24146831    -5.99640914
-39.24369633    -5.99723198
-39.24592123    -5.99849286
-39.24902631    -5.99904525
-39.25280591    -5.99865711
-39.25478538    -5.99880952
-39.25683148    -5.99930823
-39.2581186    -6.00086411
-39.25928425    -6.00086356
-39.26015854    -6.0009604
-39.26049836    -6.00061986
-39.26161497    -5.99964684
-39.26268311    -5.99886834
-39.26583945    -5.99760257
-39.26782614    -5.9979567
-39.27042183    -5.99889731
-39.27225646    -5.99999393
-39.27501991    -6.00219585
-39.2779699    -6.00419453
-39.27948176    -6.00484909
-39.28067947    -6.00442037
-39.28073817    -6.00258062
-39.28223836    -6.00160196
-39.28428102    -6.00191516
-39.28425249    -6.00033224
-39.28619628    -5.99900869
-39.28843376    -5.99849416
-39.29062307    -5.99827902
-39.29193779    -5.99798854
-39.29282031    -5.99693417
-39.29327257    -5.99483925
-39.29338021    -5.99262662
-39.29414645    -5.99173282
-39.29528517    -5.99026524
-39.29581255    -5.99059174
-39.2969385    -5.99094549
-39.29815333    -5.99176099
-39.29973532    -5.99276351
-39.30094709    -5.99401704
-39.30142196    -5.9952654
-39.30238382    -5.996033
-39.30388178    -5.99588212
-39.30551598    -5.99600886
-39.3066384    -5.9968698
-39.30729477    -5.99851138
-39.30797703    -6.00072196
-39.31053656    -6.00271777
-39.31264658    -6.00326135
-39.31461338    -6.004586
-39.31561384    -6.00611101
-39.31813047    -6.00766944
-39.32019929    -6.00752265
-39.32121664    -6.00658657
-39.32097323    -6.00522779
-39.32157671    -6.00433486
-39.32277123    -6.00436607
-39.32357282    -6.0047396
-39.32430816    -6.00472165
-39.32463737    -6.00361982
-39.32593402    -6.0021566
-39.32799589    -6.00302182
-39.32958663    -6.00222766
-39.33259722    -6.00211028
-39.33486635    -6.00290788
-39.33647236    -6.0032409
-39.33732838    -6.00237269
-39.33833957    -6.00233361
-39.34081986    -6.00248858
-39.34325091    -6.00312624
-39.34596331    -6.00293774
-39.34627194    -6.00018955
-39.34740728    -5.99586291
-39.34680339    -5.99327646
-39.34740706    -5.99256591
-39.3500431    -5.99101638
-39.35134684    -5.98897344
-39.35236246    -5.98863464
-39.35463632    -5.98950345
-39.35780796    -5.99042458
-39.3592811    -5.99052699
-39.36165282    -5.99056644
-39.36268542    -5.99110386
-39.36396799    -5.99212717
-39.36688887    -5.98933452
-39.36762846    -5.98894767
-39.36814221    -5.9879137
-39.36713264    -5.98737645
-39.36625759    -5.98737041
-39.36635716    -5.98628747
-39.36676006    -5.98463023
-39.36520387    -5.98321308
-39.36421892    -5.98244543
-39.36421329    -5.98144468
-39.36255698    -5.97966724
-39.36225033    -5.97738259
-39.36268135    -5.97498776
-39.36142121    -5.97405681
-39.36061669    -5.97384375
-39.36030544    -5.97222768
-39.3597131    -5.97130135
-39.3581506    -5.97080637
-39.3564058    -5.97003345
-39.35581983    -5.96818492
-39.35611032    -5.96613495
-39.35600299    -5.96500447
-39.35538286    -5.96476961
-39.35432602    -5.96441646
-39.35408594    -5.96250115
-39.35483665    -5.96050048
-39.35508221    -5.95828881
-39.35406163    -5.95602226
-39.3524795    -5.95504295
-39.35166027    -5.95363086
-39.3519695    -5.95220353
-39.35365727    -5.95122382
-39.35611805    -5.95167893
-39.36021084    -5.95256033
-39.36248854    -5.95285275
-39.36351139    -5.95145341
-39.36530872    -5.94793827
-39.3665191    -5.94605604
-39.36627455    -5.94478628
-39.36524426    -5.94392609
-39.36421763    -5.94253564
-39.3642278    -5.94106013
-39.36474803    -5.93908092
-39.363854    -5.93849834
-39.36327852    -5.93847131
-39.36326408    -5.93722619
-39.36288711    -5.93512549
-39.36107986    -5.93340685
-39.36040119    -5.93164991
-39.35960182    -5.93069908
-39.35872622    -5.93078524
-39.35797005    -5.93024972
-39.35805027    -5.92863636
-39.35706973    -5.92724621
-39.35682888    -5.92544618
-39.35793616    -5.92515412
-39.35913522    -5.92490881
-39.35974071    -5.92392159
-39.35938027    -5.9227663
-39.3595823    -5.92018543
-39.36222528    -5.91757534
-39.36335461    -5.91742176
-39.36441123    -5.91445485
-39.36651204    -5.91366241
-39.36973756    -5.91338496
-39.37151664    -5.91249806
-39.37373446    -5.91142974
-39.37537871    -5.91005772
-39.37577822    -5.90888462
-39.37410568    -5.90767418
-39.37110662    -5.90516344
-39.36888549    -5.9033728
-39.36828036    -5.9009708
-39.36706564    -5.90015545
-39.36457443    -5.90080685
-39.36137344    -5.90087693
-39.35806847    -5.89933235
-39.3561331    -5.89618333
-39.35706585    -5.88782047
-39.35747087    -5.88252039
-39.35538371    -5.88135313
-39.35152409    -5.88012744
-39.34835454    -5.87899874
-39.34945653    -5.86948425
-39.34839347    -5.8667332
-39.34952701    -5.86595717
-39.35369668    -5.86561722
-39.35522559    -5.86426753
-39.35500477    -5.86290569
-39.35358104    -5.86236552
-39.35105111    -5.86197906
-39.34579477    -5.85633992
-39.34316176    -5.8542235
-39.34207477    -5.8516106
-39.34161689    -5.85123851
-39.34002356    -5.8519191
-39.33795236    -5.85178939
-39.33493588    -5.84854051
-39.33075678    -5.84694353
-39.32758601    -5.8460222
-39.32501076    -5.84554307
-39.32409503    -5.84479887
-39.32330774    -5.83884489
-39.32281847    -5.83637446
-39.32202462    -5.83466275
-39.32113161    -5.83396481
-39.31987058    -5.83321819
-39.3193464    -5.83245366
-39.31969526    -5.83194887
-39.32144408    -5.8320764
-39.32300697    -5.83245623
-39.32483887    -5.83387547
-39.32676769    -5.8346037
-39.32921054    -5.83425187
-39.3304521    -5.83449111
-39.33299978    -5.83561559
-39.33635009    -5.8338867
-39.33821867    -5.83334638
-39.34531231    -5.83295772
-39.34545395    -5.83245147
-39.34388788    -5.82921272
-39.34463177    -5.8248603
-39.34406681    -5.82333466
-39.34265359    -5.82129589
-39.34303697    -5.81913129
-39.34428874    -5.81789497
-39.34487498    -5.81635429
-39.34326804    -5.81237746
-39.34145394    -5.80839917
-39.33943648    -5.8071862
-39.33822473    -5.80597883
-39.33832659    -5.80457312
-39.33713932    -5.80315841
-39.3349131    -5.80217452
-39.3329726    -5.79983231
-39.32911916    -5.79450247
-39.32763412    -5.79287815
-39.32732213    -5.79140038
-39.32788007    -5.79062037
-39.32878347    -5.78981972
-39.32918605    -5.78820861
-39.32880355    -5.78693784
-39.32748659    -5.78589609
-39.32414056    -5.78547574
-39.31763861    -5.7836318
-39.31398497    -5.78268392
-39.31319413    -5.7805572
-39.31255201    -5.78020685
-39.31098783    -5.78003447
-39.30959383    -5.77857213
-39.30903595    -5.77605509
-39.30810574    -5.77411182
-39.30643165    -5.77320086
-39.30405891    -5.77343779
-39.30247237    -5.773173
-39.30180834    -5.7693871
-39.30154571    -5.76744853
-39.30084103    -5.76617547
-39.298675    -5.766483
-39.29606901    -5.76715632
-39.2930234    -5.76487532
-39.29023216    -5.7624347
-39.28613473    -5.75915481
-39.28361652    -5.75717722
-39.2817177    -5.75550373
-39.28019026    -5.75991972
-39.28010786    -5.76180975
-39.2791344    -5.76274817
-39.27641885    -5.76263671
-39.27334576    -5.76100098
-39.27227024    -5.76009415
-39.27198372    -5.75829373
-39.27121055    -5.75695097
-39.26919553    -5.75543801
-39.26710788    -5.75443176
-39.2664983    -5.75274432
-39.26631498    -5.74937679
-39.26691623    -5.74573816
-39.2669102    -5.74334026
-39.26838661    -5.74288962
-39.26873743    -5.7421082
-39.26630652    -5.74082283
-39.26495484    -5.73991402
-39.26457728    -5.73472366
-39.26288706    -5.73286713
-39.26273607    -5.73143657
-39.26465452    -5.73032045
-39.26379441    -5.72826232
-39.26246569    -5.72087483
-39.26131292    -5.71789235
-39.26130119    -5.71630138
-39.26378946    -5.71597324
-39.26650936    -5.71543923
-39.2678894    -5.71233643
-39.26999175    -5.71124466
-39.27266478    -5.71082557
-39.27364126    -5.70944912
-39.27364958    -5.70827331
-39.27247835    -5.70789609
-39.27059279    -5.70762908
-39.26970527    -5.70619329
-39.2688109    -5.70247486
-39.26829246    -5.7009264
-39.26836953    -5.69329529
-39.2680896    -5.69057264
-39.26449034    -5.68854114
-39.26146928    -5.68612177
-39.26153821    -5.68289437
-39.25906956    -5.68047892
-39.25817957    -5.67616103
-39.25711062    -5.67435501
-39.25645678    -5.67243667
-39.2569894    -5.67197934
-39.25548878    -5.67064419
-39.25356521    -5.67040418
-39.25139787    -5.66245694
-39.2480301    -5.65836388
-39.24634578    -5.65523349
-39.24538336    -5.65354792
-39.24466066    -5.65017627
-39.24225541    -5.64776874
-39.24105338    -5.64801009
-39.23817105    -5.6547552
-39.23672946    -5.65716433
-39.23576872    -5.65957326
-39.23384645    -5.66246429
-39.23192329    -5.66318763
-39.22975942    -5.66318849
-39.22855631    -5.66078042
-39.2287958    -5.65837178
-39.22807366    -5.65620438
-39.22807234    -5.65283242
-39.22807159    -5.65090558
-39.22638776    -5.64873855
-39.22470451    -5.64801664
-39.2227813    -5.64849909
-39.22181969    -5.64874031
-39.22037714    -5.64874086
-39.21917492    -5.64850046
-39.2150869    -5.6463343
-39.21051788    -5.64368657
-39.20546814    -5.64127983
-39.19873525    -5.63815105
-39.19296419    -5.63526273
-39.18935766    -5.63454135
-39.18406827    -5.63406133
-39.18142365    -5.63406216
-39.17901946    -5.63406291
-39.17589364    -5.63285958
-39.17396957    -5.63045161
-39.17228586    -5.6278027
-39.17060273    -5.62708063
-39.1676011    -5.6270815
-39.16678912    -5.62716786
-39.16630669    -5.62738205
-39.16387159    -5.6290094
-39.16327138    -5.6294096
-39.16159384    -5.62980321
-39.16045581    -5.6298625
-39.15986235    -5.62972198
-39.15830067    -5.62861384
-39.15780649    -5.62835944
-39.15708037    -5.62832829
-39.15425469    -5.62828946
-39.15185026    -5.62732667
-39.15040739    -5.62588191
-39.14920438    -5.62226938
-39.14655927    -5.62010235
-39.14223146    -5.61865828
-39.1383849    -5.61890006
-39.13550032    -5.62058673
-39.13213484    -5.62203264
-39.12949027    -5.62203323
-39.12612446    -5.62203397
-39.12396098    -5.62323871
-39.12059515    -5.62323941
-39.11915315    -5.62564827
-39.11698944    -5.62588956
-39.11554671    -5.62468557
-39.11393306    -5.62239374
-39.11109108    -5.62159356
-39.11049723    -5.62083285
-39.10869271    -5.61848006
-39.10592869    -5.61722086
-39.10520719    -5.61577585
-39.10039819    -5.61144128
-39.0979934    -5.60734713
-39.09582881    -5.6018078
-39.09414499    -5.59578666
-39.09390363    -5.58976529
-39.09221976    -5.58302157
-39.08789177    -5.57772339
-39.08308318    -5.57314781
-39.07827475    -5.56929476
-39.07707772    -5.56647477
-39.07769271    -5.56112844
-39.08118143    -5.56009984
-39.08200205    -5.55804348
-39.08077036    -5.55557615
-39.07563933    -5.55249245
-39.07317593    -5.54673525
-39.07379099    -5.54180017
-39.07522717    -5.53892124
-39.07451008    -5.53612255
-39.07229841    -5.53330283
-39.07249918    -5.53115423
-39.07075667    -5.52900587
-39.06955008    -5.52531315
-39.06639995    -5.51893494
-39.06217773    -5.51215396
-39.05922849    -5.51006079
-39.05703708    -5.50942169
-39.05087172    -5.5092372
-39.04536141    -5.5106946
-39.04350388    -5.50985062
-39.04303982    -5.50728783
-39.04133105    -5.50501544
-39.03727973    -5.50214902
-39.0316666    -5.49952489
-39.03000312    -5.49552917
-39.02881814    -5.49195193
-39.02666222    -5.48910227
-39.02419812    -5.48733131
-39.02376973    -5.48788643
-39.02127077    -5.49112462
-39.01883734    -5.49361079
-39.01798966    -5.49595018
-39.01780868    -5.49820355
-39.01859079    -5.50082847
-39.01589051    -5.5038786
-39.01121639    -5.50734794
-39.00767937    -5.50953466
-39.00630009    -5.50895667
-39.00495331    -5.50778711
-39.00405546    -5.50724732
-39.00279847    -5.50706739
-39.00154149    -5.50796707
-39.00010493    -5.50976641
-38.99866837    -5.51012628
-38.99579524    -5.51147577
-38.99247315    -5.51354498
-38.990857    -5.51399479
-38.98717578    -5.51462449
-38.98493112    -5.51525421
-38.98304559    -5.51588393
-38.98116006    -5.51669357
-38.97954385    -5.51858283
-38.97882547    -5.52110188
-38.97828673    -5.52146173
-38.97622165    -5.52110178
-38.97433617    -5.5200221
-38.97352813    -5.51930232
-38.97209157    -5.51876246
-38.96993679    -5.51687305
-38.96697393    -5.51543342
-38.96374176    -5.51327402
-38.96203164    -5.51315436
-38.96086862    -5.51327384
-38.96006059    -5.51273398
-38.95961168    -5.51246405
-38.95880367    -5.51156433
-38.95853439    -5.5104847
-38.95817533    -5.50931511
-38.95772645    -5.50877527
-38.95700817    -5.50877522
-38.95663487    -5.5086363
-38.95521254    -5.50778545
-38.95242944    -5.50499626
-38.95180106    -5.50355674
-38.95157068    -5.50276759
-38.94812571    -5.50001065
-38.94602113    -5.49023361
-38.94030039    -5.48631764
-38.93253453    -5.48506098
-38.92855361    -5.48204421
-38.92524706    -5.46382706
-38.92465836    -5.45520301
-38.91833618    -5.45476288
-38.91754419    -5.45478574
-38.91632488    -5.45448785
-38.91517572    -5.45398231
-38.91418684    -5.45332838
-38.91243848    -5.4541134
-38.90976993    -5.45355199
-38.90651696    -5.45342937
-38.90185081    -5.45452949
-38.90051699    -5.45419509
-38.89901646    -5.45377712
-38.89776608    -5.45302502
-38.896349    -5.4521058
-38.89501519    -5.45177139
-38.89251426    -5.45143677
-38.89018001    -5.45135281
-38.88784576    -5.45126883
-38.88559488    -5.45118487
-38.88301044    -5.45160209
-38.88134289    -5.45268783
-38.87909176    -5.45385699
-38.8768407    -5.45460843
-38.87508989    -5.45510933
-38.87367262    -5.45527612
-38.87125474    -5.45636168
-38.8671694    -5.45794812
-38.86408455    -5.45911704
-38.86174993    -5.46053675
-38.85908176    -5.46229055
-38.85749733    -5.46412813
-38.85624627    -5.46638351
-38.85370146    -5.46813296
-38.85023009    -5.46782961
-38.84283028    -5.46527047
-38.84057149    -5.46389465
-38.83710024    -5.46328873
-38.8297042    -5.46479916
-38.82623253    -5.46570566
-38.82427046    -5.46555384
-38.82140308    -5.46449425
-38.81747924    -5.46328309
-38.81400826    -5.46192078
-38.81204621    -5.46176893
-38.80963128    -5.46191941
-38.80661219    -5.46343093
-38.80419696    -5.46448889
-38.80178132    -5.46675682
-38.79876219    -5.4682683
-38.79634672    -5.46993121
-38.79408206    -5.47189667
-38.79211879    -5.47522345
-38.78940178    -5.47582749
-38.7880437    -5.47491953
-38.78578077    -5.47189376
-38.78427242    -5.46917075
-38.78261272    -5.46765767
-38.77944438    -5.46432906
-38.77582412    -5.45873154
-38.77235447    -5.45419279
-38.76797878    -5.45101491
-38.76330045    -5.44995435
-38.75711331    -5.44783442
-38.75077503    -5.44631935
-38.74534202    -5.44556084
-38.73900368    -5.44434814
-38.73372223    -5.44222836
-38.72964801    -5.44056283
-38.72497067    -5.43768701
-38.71727563    -5.43329727
-38.70826249    -5.43051867
-38.70326679    -5.42947311
-38.69972792    -5.42926274
-38.69764596    -5.42967895
-38.69556379    -5.43051241
-38.69327376    -5.43071987
-38.69056812    -5.42946674
-38.68807045    -5.42863096
-38.68473966    -5.42862923
-38.68140843    -5.42946198
-38.67682837    -5.4298768
-38.67412198    -5.43008397
-38.67099914    -5.43049953
-38.66850093    -5.43070679
-38.66600271    -5.43091404
-38.66433662    -5.43216486
-38.66204623    -5.43299808
-38.66017172    -5.43466602
-38.65767361    -5.43466461
-38.65434065    -5.43841795
-38.65350639    -5.44112959
-38.65516991    -5.44446853
-38.65579291    -5.447181
-38.65433433    -5.44947503
-38.65100139    -5.45301972
-38.64808551    -5.45531289
-38.64683458    -5.45844151
-38.64599952    -5.46240488
-38.64349969    -5.46511551
-38.64016747    -5.46719976
-38.63704291    -5.47011861
-38.6343352    -5.4722032
-38.63121021    -5.47574789
-38.62850181    -5.47887557
-38.62454372    -5.48283694
-38.62303987    -5.48467643
-38.60642914    -5.48574602
-38.60455431    -5.48741377
-38.60038531    -5.49513004
-38.59288943    -5.49637671
-38.58206413    -5.49511749
-38.57602618    -5.49553048
-38.57102861    -5.49677864
-38.56727989    -5.49844491
-38.56477821    -5.50303277
-38.55978071    -5.50407221
-38.55270262    -5.50323245
-38.52689185    -5.49611943
-38.51773485    -5.49173107
-38.50961895    -5.48734344
-38.50626787    -5.4805099
-38.49776623    -5.4704354
-38.48742486    -5.46709476
-38.48372706    -5.46606633
-38.4786991    -5.46649966
-38.47703237    -5.46550243
-38.4742545    -5.4605135
-38.46428192    -5.45171899
-38.4606179    -5.44581894
-38.45458435    -5.43988556
-38.45105644    -5.43489941
-38.44681358    -5.43162364
-38.45080674    -5.42627268
-38.43798231    -5.41607051
-38.43324923    -5.4199194
-38.43259757    -5.41773795
-38.43137194    -5.41594313
-38.43019416    -5.41375883
-38.42967717    -5.41205954
-38.4295723    -5.4102937
-38.42905013    -5.40955726
-38.42761544    -5.40835737
-38.42595338    -5.40690407
-38.42539213    -5.40492943
-38.42629881    -5.40222911
-38.42747985    -5.39955321
-38.42724254    -5.39689255
-38.42748387    -5.39455545
-38.42710489    -5.39271935
-38.42688145    -5.39173234
-38.4254724    -5.39002822
-38.42271355    -5.38836265
-38.41968604    -5.38561811
-38.41725092    -5.38331236
-38.41598485    -5.38055442
-38.41549512    -5.37805288
-38.41484355    -5.37587142
-38.41441099    -5.37413322
-38.41201094    -5.37068063
-38.40988424    -5.36908925
-38.40829923    -5.36833488
-38.40646308    -5.36837492
-38.40562832    -5.36854141
-38.40408375    -5.36912545
-38.40287269    -5.3700444
-38.40116164    -5.3701682
-38.39911667    -5.37037531
-38.39732245    -5.37020625
-38.39590483    -5.36899194
-38.39565507    -5.36836433
-38.3948634    -5.36715064
-38.3943231    -5.36493342
-38.39424605    -5.36190477
-38.39424626    -5.36099532
-38.39425274    -5.35980323
-38.39391911    -5.35805908
-38.39285891    -5.35532516
-38.39059815    -5.35464798
-38.38885984    -5.35463848
-38.38348319    -5.35490712
-38.3791398    -5.35444775
-38.37551085    -5.35300648
-38.37270306    -5.35198236
-38.36936759    -5.35125335
-38.36687828    -5.35055191
-38.36439601    -5.34856667
-38.36164305    -5.34589218
-38.35948806    -5.34262491
-38.3594334    -5.34007989
-38.35876485    -5.33686665
-38.3575455    -5.33399426
-38.35634387    -5.33206191
-38.35476725    -5.33177811
-38.35175426    -5.33066108
-38.34895267    -5.32853648
-38.34635581    -5.32661933
-38.34464955    -5.32495927
-38.34276589    -5.32228952
-38.33937124    -5.3198865
-38.33533042    -5.31853444
-38.33265997    -5.31753384
-38.33127751    -5.31523365
-38.33109004    -5.31190844
-38.33162555    -5.31019202
-38.33248619    -5.30758331
-38.33460355    -5.3051879
-38.33751845    -5.30332417
-38.33953862    -5.30195983
-38.34055349    -5.30040653
-38.34065482    -5.29861891
-38.34000029    -5.29703344
-38.33840696    -5.29564911
-38.33644772    -5.29426274
-38.3354475    -5.29315679
-38.33493969    -5.28985274
-38.33415328    -5.28730367
-38.32935855    -5.27755677
-38.32775621    -5.27367351
-38.32518896    -5.27058728
-38.32214111    -5.26756715
-38.3208645    -5.26682645
-38.31957163    -5.26489354
-38.31818652    -5.26309767
-38.31714192    -5.2617622
-38.31469776    -5.26124425
-38.31161062    -5.26120413
-38.30861647    -5.26088942
-38.30669755    -5.26051191
-38.30341387    -5.25918097
-38.30170497    -5.25746406
-38.30038908    -5.25577703
-38.29774693    -5.25385948
-38.29401172    -5.25111049
-38.29016629    -5.24762726
-38.28830351    -5.24539309
-38.28299256    -5.24226841
-38.27984628    -5.24055429
-38.27593112    -5.23729985
-38.2725643    -5.23414018
-38.26897822    -5.22930573
-38.26620731    -5.22592014
-38.26503069    -5.22368978
-38.26128539    -5.22279751
-38.2593214    -5.22232792
-38.25702485    -5.21999953
-38.25536846    -5.21769767
-38.25393727    -5.21601606
-38.24604981    -5.21163861
-38.24347481    -5.2100422
-38.24220205    -5.20865949
-38.2404482    -5.20743452
-38.23862713    -5.20667155
-38.23674759    -5.20526481
-38.23630885    -5.2039802
-38.23176363    -5.20146507
-38.22133263    -5.19677762
-38.20916248    -5.1905059
-38.19543853    -5.18563026
-38.18418171    -5.18507887
-38.1737083    -5.18873412
-38.16877996    -5.19045405
-38.1659607    -5.19206424
-38.15180643    -5.20014799
-38.1497824    -5.20378895
-38.14865796    -5.20711192
-38.14890478    -5.20988909
-38.14929021    -5.21397255
-38.15099796    -5.21611853
-38.16227807    -5.22121447
-38.18164572    -5.23419543
-38.18377547    -5.2387861
-38.18567219    -5.2435124
-38.18485397    -5.25160848
-38.18201689    -5.25929705
-38.18321211    -5.27184917
-38.1791643    -5.2787264
-38.17712726    -5.29208395
-38.17629427    -5.31111106
-38.17345832    -5.31758495
-38.16617603    -5.32648195
-38.15362541    -5.34792202
-38.14554134    -5.35195933
-38.14270991    -5.35478934
-38.12128797    -5.36447536
-38.11562128    -5.37256416
-38.10631602    -5.38267179
-38.09580818    -5.3862999
-38.06511056    -5.38503902
-38.0594517    -5.38745936
-38.05096522    -5.38987524
-38.04707336    -5.39289923
-38.04368291    -5.39715096
-38.04367783    -5.40038967
-38.04366259    -5.4101058
-38.03676269    -5.43074166
-38.02876057    -5.44294864
-38.02212342    -5.44679636
-38.01612685    -5.45128812
-38.01141432    -5.4553532
-38.00800958    -5.45811885
-37.99487548    -5.46188424
-37.99030163    -5.46127859
-37.98831424    -5.46027861
-37.98553023    -5.45987526
-37.98294614    -5.45887427
-37.97498927    -5.4592594
-37.96583591    -5.46143629
-37.95644998    -5.46693985
