# Limited to at most a 16 character identifier
# Format: lat(deg min sec) lon(deg min sec) OR 
#         decimal lat(deg 0min 0sec) lon(deg 0min 0sec)
# Not all landmarks get plotted (if they are too close)
# The first in the list have plotting priority
# 
# ------- CO --------------------------
FNL              40 27 00   -105 01 00
FCL              40 35 07   -105 05 02
DEN              39 49 58   -104 39 27
SBS              40 31 00   -106 52 00
C96              39 53 30   -105 45 45
ASE              39 13 44   -106 52 10
TEX              37 56 15   -107 48 42
S29              38 32 05   -105 59 54
PUB              38 17 24   -104 29 54
MTJ              38 30 18   -107 53 51
LXV              39 13 41   -106 18 58
HDN              40 29 00   -107 13 00
GUC              38 32 00   -106 56 00
GXY              40 26 00   -104 38 00
GJT              39 08 02   -108 32 19
EGE              39 39 00   -106 55 00
DRO              37 08 35   -107 45 35
CAG              40 29 36   -107 31 25
COS              38 48 57   -104 42 39 
ALS              37 26 20   -105 51 41
CYS              41 08 00   -104 49 00
CNY              38 45 36   -109 44 41
SKX              36 27 00   -105 40 00
LAR              41 18 59   -105 40 20
RKS              41 36 00   -109 04 00
AFF              38 58 00   -104 49 00
BJC              39 55 00   -105 07 00
APA              39 33 50   -104 50 54 
BKF              39 43 00   -104 45 00
AKO              40 10 28   -103 12 52
CEZ              37 18 23   -108 37 32
LHX              38 02 58   -103 30 44
LAA              38 04 21   -102 41 12
LIC              39 16 24   -103 40 00
EEO              40 02 32   -107 53 23
RIL              39 31 30   -107 43 38
SPD              37 17 00   -102 37 00
TAD              37 16 00   -104 20 00
# ------- NJ --------------------------
12N              41 00 32   -074 44 12
ACY              39 27 53   -074 35 12
BLM              40 11 00   -074 08 00  
CDW              40 52 35   -074 16 59
NEL              40 02 00   -074 19 24
WRI              40 01 00   -074 36 00  
MIV              39 21 58   -075 04 42
MMU              40 48 00   -074 25 00  
VAY              39 56 26   -074 50 28
EWR              40 40 57   -074 10 10
SMQ              40 37 26   -074 40 10
TEB              40 51 32   -074 03 24
TTN              40 16 35   -074 48 59
WWD              39 01 00   -074 55 00
# ------- PA --------------------------
ABE              40 39 03   -075 26 57
MDT              40 11 46   -076 46 23
PHL              39 52 06   -075 13 52
LNS              40 07 13   -076 17 40
THV              39 55 10   -076 52 37
AVP              41 20 20   -075 43 36
RDG              40 22 24   -075 57 34
KIPT             41 14 36   -076 55 18 
KAOO             40 18 00   -078 19 01 
KERI             42 04 48   -080 10 57 
# ------- NY --------------------------
ISP              40 47 38   -073 06 06
MTP              41 04 23   -071 55 24
MTP              41 04 23   -071 55 24
LGA              40 46 45   -073 52 48
POU              41 37 32   -073 52 55
# ------- MD --------------------------
KBWI             39 10 00   -076 41 00  
######################################
# Some non-standard met. identifiers
Vl               39 36 54   -106 22 02
LvP              39 39 49   -105 52 43
brk              39 28 54   -106 02 16
cb               38 52 11   -106 59 14
Wlf              37 28 57   -106 47 54
isg              39 44 30   -105 31 18
Taos             36 24 26   -105 34 21
Alta             40 35 20   -111 38 14
Moab             38 34 24   -109 32 57
